8 5
20 40 7 0 
0 3 1 0 3 3 3 3 1 3 1 2 0 3 2 0 0 0 2 1 0 1 0 2 3 3 1 1 1 0 1 0 3 0 3 1 2 3 3 0 
2 3 0 1 3 1 3 3 2 3 0 1 1 1 3 0 3 2 0 3 3 2 3 2 1 0 1 0 2 3 3 1 2 0 0 1 3 0 1 2 
2 3 0 1 1 3 1 0 1 0 2 3 3 2 3 0 2 3 1 0 1 2 0 3 0 2 0 3 3 0 3 0 0 0 0 2 3 0 3 2 
3 3 1 1 1 0 1 1 1 3 0 3 1 2 0 1 2 0 2 0 1 0 1 0 2 3 3 1 1 3 0 2 2 3 2 3 3 3 2 1 
2 2 3 2 3 3 1 0 1 0 2 3 3 2 1 2 1 0 2 2 3 0 3 2 3 0 0 2 0 2 3 2 2 3 0 0 0 1 2 0 
1 2 3 2 2 3 1 0 0 0 3 3 0 2 2 0 0 3 0 1 2 0 0 3 1 3 0 2 1 0 1 0 2 3 3 1 1 2 1 0 
0 1 2 1 1 3 1 0 1 0 2 3 3 2 1 3 1 3 0 0 3 1 2 0 2 3 3 2 3 1 1 1 3 2 0 0 1 0 3 2 
3 3 1 0 1 0 2 3 3 1 3 3 0 3 0 0 2 2 3 1 1 0 3 0 2 3 3 1 3 1 3 2 0 1 1 3 3 3 1 1 
1 3 3 2 2 2 0 3 3 1 2 3 1 3 3 1 1 1 0 2 2 0 1 1 0 3 0 0 1 0 1 0 2 3 3 2 0 1 1 1 
0 3 0 3 0 0 0 0 1 3 3 0 3 2 2 1 1 1 2 1 1 0 1 2 1 1 0 0 1 0 1 0 2 3 3 3 3 2 2 1 
2 3 2 0 3 1 0 1 0 2 3 3 1 2 0 3 1 0 3 1 1 2 0 2 3 0 2 0 2 0 0 3 3 3 0 0 3 1 3 2 
3 0 3 0 3 3 1 2 1 1 0 1 0 2 3 3 1 0 2 2 2 0 0 2 0 2 3 2 3 3 0 1 1 1 0 0 3 3 1 3 
0 3 0 1 2 2 0 2 1 3 3 3 1 1 0 1 0 2 3 3 3 3 0 0 2 1 3 1 2 2 1 0 2 3 0 2 0 3 2 1 
2 1 0 1 1 2 2 3 0 1 0 3 0 0 2 0 3 1 0 3 2 1 0 1 0 2 3 3 0 2 1 3 0 0 0 0 1 3 2 2 
1 0 1 1 1 3 3 1 1 3 1 3 3 2 2 3 1 1 1 2 0 3 0 0 1 0 1 0 3 2 2 1 0 1 0 2 3 3 2 1 
0 2 3 3 3 3 0 2 1 0 3 3 3 3 0 2 1 1 0 1 0 2 3 3 2 1 1 0 3 0 2 0 3 1 2 3 2 1 0 0 
1 0 0 2 0 0 1 3 1 0 1 0 2 3 3 0 2 0 3 3 1 3 0 3 2 0 3 3 3 0 1 3 3 2 1 3 3 1 1 0 
0 3 2 0 0 3 2 1 2 3 2 3 3 0 3 2 2 0 3 2 1 0 3 1 2 1 0 1 0 2 3 3 3 2 0 1 1 3 3 0 
1 2 0 1 2 1 2 1 3 2 3 1 2 3 2 2 2 0 3 2 2 1 0 1 0 2 3 3 2 0 0 2 3 1 3 2 2 1 1 2 
3 1 2 1 3 2 3 0 1 1 2 2 0 2 1 3 2 0 3 1 2 0 1 0 1 0 2 3 3 0 2 0 3 1 2 0 2 3 0 0 
1 0 1 0 2 3 3 
19 24 6 20 6 28 6 2 28 28 5 9 13 21 31 17 8 25 21 22 
1 2 3 1 2 0 2 0 2 0 0 2 1 0 3 2 3 0 0 2 3 0 3 1 2 0 2 3 2 2 1 1 0 2 2 2 2 2 0 3 
2 0 0 1 1 2 1 0 3 2 1 3 0 1 2 1 2 2 1 1 0 2 2 2 1 2 2 2 3 2 0 1 1 3 0 1 0 1 3 1 
3 3 2 0 3 0 1 0 2 1 1 2 0 0 1 1 2 0 0 2 1 1 0 2 2 2 1 3 1 3 0 0 0 0 2 2 0 1 0 1 
2 3 2 3 1 0 3 3 0 1 0 0 2 1 3 0 2 1 1 0 2 2 2 3 2 0 3 1 3 0 0 1 0 0 1 3 0 2 0 0 
1 1 1 1 0 2 3 2 2 1 0 0 0 3 2 3 3 2 3 1 2 2 2 2 1 1 0 2 2 2 3 2 3 2 2 2 2 1 3 3 
1 3 0 1 0 1 1 1 3 3 0 0 2 1 1 0 2 2 2 1 0 2 0 0 2 2 3 3 0 0 2 2 3 3 2 0 1 2 1 1 
0 0 2 1 1 0 2 2 2 1 2 2 1 2 0 0 3 3 1 0 1 3 0 0 3 1 3 3 2 1 1 2 0 3 3 1 1 1 0 0 
3 2 1 2 3 3 2 1 3 3 1 3 3 2 0 3 3 2 0 0 2 1 1 0 2 2 2 1 2 2 0 1 1 3 0 1 1 2 3 0 
1 3 0 2 1 1 0 2 2 2 2 3 3 1 3 1 0 1 2 2 3 2 1 0 2 2 1 1 1 1 0 1 3 0 0 3 2 3 2 1 
2 3 0 3 1 1 1 3 1 2 1 0 1 2 3 0 3 2 1 1 0 2 2 2 1 1 3 3 2 3 0 3 2 3 3 2 1 3 1 3 
1 3 3 1 2 3 0 3 0 0 2 1 1 0 2 2 2 3 2 2 1 0 3 1 3 1 2 3 1 3 0 0 3 3 3 3 1 2 1 0 
0 1 0 1 0 2 3 0 1 3 1 3 3 3 2 0 1 0 2 1 2 3 1 0 3 1 3 2 1 1 0 2 2 2 1 0 1 1 0 2 
0 0 1 2 2 1 1 0 2 2 2 0 1 3 3 3 3 3 1 0 1 2 0 1 0 2 1 2 3 0 0 1 2 0 3 3 2 2 1 2 
3 3 0 3 3 0 1 2 0 0 1 2 2 2 0 3 3 0 3 1 3 0 2 1 1 0 2 2 2 3 2 2 0 0 1 1 1 3 1 0 
1 2 0 2 3 1 0 2 0 2 0 2 3 2 2 0 2 2 1 2 1 0 2 3 0 3 1 1 3 3 2 1 1 0 2 2 2 1 2 3 
1 2 3 2 3 2 1 2 1 1 0 2 2 2 0 1 0 3 1 2 2 3 0 1 2 1 3 3 1 1 3 3 0 2 0 1 2 0 2 0 
1 3 2 1 1 3 3 3 2 3 2 3 0 0 1 0 3 2 2 3 2 1 0 3 2 1 1 0 2 2 2 0 0 3 3 1 0 0 0 1 
0 1 1 3 1 3 2 0 2 0 1 3 1 0 0 1 0 0 2 1 2 1 2 3 2 1 1 0 2 2 2 0 1 0 2 0 3 0 3 2 
0 2 2 3 2 0 3 2 1 3 0 0 1 3 1 2 1 1 0 2 2 2 0 0 1 3 2 2 1 1 1 1 2 0 2 0 0 0 2 3 
1 1 3 2 2 3 0 2 0 2 2 1 1 0 2 2 2 1 0 1 0 2 2 0 2 0 2 2 0 1 1 3 3 1 0 3 1 2 1 3 
2 1 1 0 2 2 2 
29 17 19 16 23 12 2 20 3 17 10 27 4 22 30 7 24 24 15 10 
2 1 2 3 1 1 0 2 2 1 1 2 3 0 0 1 0 0 3 1 0 0 1 2 1 1 1 1 1 2 0 2 1 0 0 0 3 2 2 2 
1 2 3 3 2 3 2 3 0 0 1 0 1 0 3 1 3 3 1 0 0 3 2 2 1 3 1 1 0 1 2 3 0 0 1 0 1 0 0 0 
1 1 0 1 0 3 2 1 0 0 3 0 2 1 3 0 0 0 3 1 2 2 0 0 1 0 2 1 1 2 3 0 0 1 0 0 2 2 3 3 
1 2 0 0 1 1 2 0 3 3 3 2 2 1 0 3 0 2 0 3 0 3 2 1 1 2 3 0 0 1 0 3 3 2 3 2 1 0 1 0 
0 1 3 1 2 3 0 0 1 0 0 3 2 0 2 1 2 3 2 2 1 0 2 3 1 2 2 1 3 3 3 2 2 3 0 3 1 2 1 1 
0 0 3 0 2 2 2 2 2 3 2 3 1 1 0 2 1 3 1 2 3 0 0 1 0 0 1 1 3 1 0 0 2 2 0 1 0 3 2 2 
1 0 2 1 2 1 2 3 2 0 1 1 2 0 2 2 2 3 1 0 3 1 2 3 0 0 1 0 1 3 1 1 1 3 1 3 0 3 3 1 
1 2 0 0 2 3 1 2 3 0 0 1 0 0 0 1 1 0 2 3 0 2 0 1 2 2 0 3 0 3 2 3 1 3 3 2 3 2 1 1 
0 0 0 1 3 2 1 3 0 2 0 2 3 1 0 1 3 3 3 1 1 2 3 0 0 1 0 1 3 1 3 2 3 3 2 0 3 1 3 2 
1 2 3 2 2 0 3 3 3 3 1 2 3 1 3 2 3 1 1 2 3 1 2 3 0 0 1 0 2 3 1 1 1 1 0 1 2 3 3 3 
0 1 3 2 0 1 1 1 1 0 2 1 0 0 2 0 0 3 3 2 3 0 0 2 0 2 3 1 2 3 0 0 1 0 1 3 2 3 2 3 
2 3 2 1 2 1 3 2 2 3 1 1 0 0 0 2 2 2 3 0 3 0 0 2 1 0 1 2 3 0 0 1 0 2 2 0 1 3 0 2 
2 1 3 3 2 3 0 1 2 3 3 0 3 0 1 2 0 3 3 1 0 2 3 0 3 1 2 3 0 0 1 0 2 0 1 0 3 1 0 3 
1 2 3 0 0 1 0 3 3 2 1 3 3 2 3 3 1 1 1 1 1 3 0 3 3 0 2 0 1 3 1 0 2 2 3 0 1 1 2 3 
0 1 2 1 2 3 0 0 1 0 2 3 2 2 0 1 2 0 3 3 2 1 3 2 3 0 2 2 2 0 2 2 0 3 0 1 0 3 2 2 
0 1 0 1 0 1 1 1 2 3 0 0 1 0 0 2 0 1 3 2 1 3 3 2 1 3 3 2 0 3 2 2 1 2 2 0 3 1 2 1 
3 2 2 1 0 3 3 3 2 2 2 1 3 3 3 0 1 2 3 0 0 1 0 1 1 1 0 1 3 3 3 1 2 3 1 0 0 3 2 0 
1 1 0 3 3 0 1 2 1 2 2 1 2 3 0 0 1 0 0 3 2 1 2 1 1 3 1 3 1 3 3 0 3 3 3 0 2 2 0 3 
3 1 2 3 3 2 3 0 3 3 2 1 2 3 0 0 1 0 0 3 0 2 1 0 2 0 1 1 2 2 2 2 2 1 3 2 3 2 2 2 
1 3 1 2 3 0 0 1 0 1 2 3 0 0 1 3 1 1 1 0 0 1 3 0 1 0 2 2 0 1 0 3 1 1 1 1 3 0 0 2 
1 2 3 0 0 1 0 
10 29 28 24 3 18 21 6 20 21 27 26 25 0 3 7 16 11 11 2 
3 0 1 0 1 3 1 3 3 3 0 2 1 2 0 1 1 0 1 0 3 3 1 0 3 0 3 3 1 3 3 3 2 0 1 1 1 3 0 2 
1 2 0 1 1 0 1 0 1 2 3 3 2 0 0 2 0 0 3 1 1 2 2 2 3 3 0 3 1 3 2 1 0 1 3 3 0 2 0 0 
0 0 3 2 1 1 2 0 1 1 0 1 1 2 0 3 1 2 1 0 3 1 1 1 2 3 3 3 1 1 1 1 0 0 2 1 2 3 1 0 
1 3 2 1 0 3 3 2 1 0 1 0 2 3 2 3 1 3 0 2 3 3 1 2 0 1 1 0 1 1 3 0 3 1 1 0 2 3 3 2 
2 3 0 2 1 0 2 1 1 3 0 2 1 3 2 1 3 1 3 3 0 2 3 1 2 2 2 0 3 3 3 3 1 1 2 0 1 1 0 1 
2 1 2 0 1 1 0 1 0 1 1 0 1 0 0 0 1 2 3 1 3 3 2 1 3 2 2 0 1 3 2 3 1 0 3 0 2 0 3 1 
3 3 0 0 3 0 0 1 1 2 1 2 0 1 1 0 1 0 3 1 1 1 0 2 2 0 2 3 0 0 1 0 3 1 1 2 1 3 3 2 
0 3 3 2 2 2 1 2 0 1 1 0 1 2 1 0 0 3 0 3 2 1 1 1 0 1 3 1 0 0 3 3 0 0 2 2 1 2 0 2 
0 2 3 0 1 1 2 3 0 1 0 2 0 0 2 1 1 2 0 1 1 0 1 0 3 2 3 1 1 3 2 0 3 3 2 3 3 2 3 3 
3 1 1 0 0 0 2 1 2 0 1 1 0 1 2 2 0 1 0 2 2 0 3 1 1 2 2 2 0 2 2 2 1 1 3 3 2 1 1 1 
1 3 0 1 1 1 1 0 0 2 3 1 1 2 0 2 0 3 2 2 1 2 0 0 2 0 2 1 2 0 1 1 0 1 2 0 2 0 2 0 
0 3 2 1 2 1 2 3 0 1 0 0 0 3 2 0 3 3 3 2 1 2 0 1 1 0 1 1 2 2 1 1 1 2 2 1 3 3 2 3 
1 2 3 2 3 3 0 3 0 1 0 2 1 0 1 3 1 3 1 2 0 1 1 0 1 3 1 1 3 0 2 3 3 2 0 2 3 2 1 1 
1 0 1 2 0 2 1 2 0 1 1 0 1 3 3 3 2 1 0 2 2 2 2 1 1 0 0 2 0 3 2 0 0 3 2 1 2 1 0 1 
2 0 1 1 2 0 0 1 1 1 1 2 0 1 1 0 1 3 2 0 0 2 0 2 3 0 2 1 3 3 1 1 2 1 0 2 3 0 0 3 
0 3 3 3 3 2 0 1 2 1 2 0 3 1 2 0 0 2 3 2 2 2 3 1 2 0 1 1 2 0 1 1 0 1 3 3 2 2 2 2 
2 3 1 2 1 2 1 3 0 1 3 1 3 0 3 2 2 1 2 2 0 2 2 1 2 2 3 3 1 1 1 2 0 1 1 0 1 3 1 1 
2 0 3 1 3 2 3 1 3 3 0 3 1 1 1 1 2 0 2 1 3 1 1 0 0 1 2 0 1 1 0 1 2 0 2 3 0 1 0 3 
3 2 1 3 2 1 1 3 1 1 2 0 1 2 2 2 3 3 0 3 2 2 0 2 3 2 0 1 2 0 1 1 0 1 1 3 3 3 0 3 
1 2 2 3 0 3 1 2 1 1 2 0 1 2 0 1 1 1 1 3 0 1 2 3 2 2 0 2 3 1 1 1 2 0 1 1 0 1 2 1 
1 2 0 1 1 0 1 
12 0 5 22 33 1 10 6 16 7 27 20 18 6 10 27 30 25 27 31 
0 3 1 3 1 1 2 0 0 3 0 2 1 3 2 1 0 3 3 1 0 2 0 1 1 3 1 3 3 3 3 1 0 1 2 0 0 0 2 1 
0 0 3 2 3 3 1 3 2 2 0 1 0 0 2 0 1 1 3 1 2 1 0 0 1 2 1 1 1 2 3 3 3 1 3 0 3 2 1 1 
3 0 2 0 1 1 3 1 3 3 1 1 3 1 0 1 0 2 0 3 3 3 0 2 3 1 0 2 0 0 2 0 3 2 0 1 2 1 0 1 
2 0 2 0 3 3 3 1 0 2 0 1 1 3 1 1 2 2 0 3 3 1 1 0 1 0 3 3 0 3 2 2 3 0 2 2 3 1 1 3 
3 2 0 0 2 2 0 1 1 0 2 0 1 1 3 1 3 0 2 2 1 3 2 0 0 0 3 0 3 2 0 3 1 2 2 3 3 2 3 0 
3 2 0 3 0 3 2 2 0 2 2 0 0 2 0 0 3 0 2 0 1 1 3 1 0 2 2 1 3 3 0 2 2 2 2 0 1 3 1 2 
1 1 3 1 1 1 0 0 0 1 0 1 1 0 2 1 1 3 0 3 1 3 1 3 1 0 2 0 1 1 3 1 2 0 0 1 1 3 3 0 
0 0 3 2 1 0 3 3 1 2 0 1 3 2 0 3 3 1 3 0 3 1 1 0 2 0 1 1 3 1 3 2 1 2 1 3 1 0 3 1 
1 2 1 2 1 1 2 0 1 1 0 2 0 1 1 3 1 1 1 2 3 2 3 2 0 0 0 1 3 3 1 3 2 0 1 0 3 1 3 0 
3 1 3 1 1 1 2 3 3 0 1 1 0 3 3 3 1 1 0 2 2 1 3 3 2 3 0 2 0 1 1 3 1 1 3 3 3 1 3 2 
0 2 2 2 1 2 3 1 0 2 0 3 3 0 2 0 1 1 3 1 0 1 3 3 1 3 2 2 0 1 1 2 3 1 1 3 1 3 0 0 
3 0 3 3 1 3 3 3 3 3 2 2 2 0 1 0 0 2 2 1 3 0 1 3 0 1 0 1 0 3 0 0 2 0 1 1 3 1 3 3 
3 2 0 2 3 3 3 2 3 1 2 1 1 2 3 0 3 1 2 1 2 0 2 0 1 1 3 1 1 3 1 0 3 1 0 2 2 2 0 3 
1 1 2 1 0 3 3 0 3 0 0 1 0 1 3 2 3 1 0 3 1 3 2 2 3 2 1 0 0 3 3 1 0 0 2 0 1 1 3 1 
2 0 2 0 1 1 3 1 3 1 2 3 1 2 3 1 0 0 2 0 2 1 0 2 3 1 0 0 2 3 0 2 0 1 0 2 2 2 3 3 
1 0 3 0 0 2 2 0 2 0 0 2 3 0 3 3 2 3 3 3 3 0 2 2 2 0 0 1 0 0 3 0 0 2 0 1 1 3 1 3 
2 0 2 1 3 1 0 2 0 1 1 3 1 0 0 1 0 1 3 0 2 1 0 2 3 1 0 3 1 2 1 3 2 2 3 0 2 2 0 2 
0 3 3 0 2 1 2 1 2 3 0 2 0 1 2 1 2 0 0 2 1 2 2 2 1 3 2 3 0 2 0 2 0 1 1 3 1 2 1 3 
2 3 2 2 1 0 3 3 3 3 3 3 2 2 2 0 3 2 1 3 3 0 1 1 0 0 0 2 0 1 1 3 1 0 2 3 1 0 2 3 
0 3 3 2 1 1 0 1 0 0 1 0 3 0 1 3 2 0 2 0 1 1 3 1 1 1 2 1 1 1 2 2 2 2 1 2 3 3 0 1 
0 2 0 1 1 3 1 
20 13 1 8 9 17 25 23 10 26 13 31 21 33 1 32 6 30 26 17 
20 40 7 1 
2 3 0 0 2 1 0 3 3 2 0 0 0 3 3 1 3 1 3 3 0 1 1 2 3 3 0 0 1 1 0 2 0 2 0 0 2 2 2 3 
3 2 3 2 2 2 1 0 2 3 3 3 1 0 3 0 0 1 1 0 1 1 2 1 0 3 0 1 0 0 3 0 1 1 2 0 1 3 1 1 
0 2 3 1 2 0 3 3 2 2 2 0 0 3 3 1 1 1 2 2 2 0 1 3 0 2 3 1 0 3 2 1 0 0 3 1 0 3 2 3 
0 0 0 2 1 0 0 3 2 2 3 2 3 1 3 1 2 0 2 0 2 3 3 1 3 0 3 1 0 0 2 0 3 2 1 0 0 3 1 0 
3 1 0 1 3 1 1 2 2 1 3 2 2 1 1 3 2 2 1 2 1 0 1 1 1 0 1 2 1 0 3 3 1 1 1 1 3 2 3 2 
1 3 2 0 3 1 3 2 1 0 0 3 1 0 0 0 2 3 3 3 2 1 0 1 3 3 0 0 1 1 3 0 0 3 3 3 3 1 2 3 
0 2 3 1 3 3 3 2 2 3 0 0 3 2 1 0 3 3 1 2 3 1 2 1 0 2 1 1 3 3 1 2 0 2 3 0 1 2 1 0 
1 1 0 0 1 0 2 2 0 3 2 1 0 3 2 0 3 2 0 3 1 3 3 1 3 2 1 1 3 3 1 0 3 2 1 2 3 0 0 0 
1 2 0 3 0 0 2 2 2 3 2 2 2 0 3 1 3 0 1 3 0 0 1 0 1 3 1 1 0 2 0 2 1 0 3 3 0 0 2 1 
3 2 0 1 0 3 2 2 2 1 0 3 1 1 0 3 3 1 2 1 0 0 0 0 3 0 0 3 0 1 2 2 0 0 0 3 2 1 3 3 
3 1 1 2 1 0 0 2 1 2 2 1 3 1 0 1 3 1 2 1 3 3 3 1 0 2 2 3 3 2 0 3 1 2 1 1 0 3 3 3 
0 1 1 1 1 3 3 1 1 0 3 3 1 3 3 1 2 2 2 3 1 1 0 3 3 1 0 0 0 2 0 0 1 1 2 0 1 0 0 3 
0 1 3 3 1 0 0 0 3 1 3 3 0 2 0 2 1 3 0 1 2 3 3 1 1 2 1 0 2 3 1 0 3 3 2 0 1 1 1 1 
1 2 2 0 3 1 3 1 1 2 0 1 3 0 2 1 2 1 3 0 3 1 1 2 0 3 0 1 3 2 1 0 3 3 2 0 2 1 0 0 
2 2 2 1 0 3 3 1 1 1 2 2 1 1 0 0 0 3 3 2 1 2 1 1 2 2 3 2 1 1 2 1 3 1 2 1 0 2 3 0 
0 0 3 0 0 3 0 2 2 1 2 0 2 3 3 3 0 2 1 0 3 0 1 0 0 3 0 2 0 2 2 2 3 2 2 0 2 3 3 3 
2 1 2 2 1 2 0 2 1 2 0 2 3 0 3 3 0 3 1 1 0 3 2 1 1 0 3 1 2 3 1 3 2 2 1 0 3 3 1 1 
3 0 1 2 1 0 2 3 1 0 2 3 1 3 2 0 0 0 0 2 3 0 2 1 1 3 3 1 3 2 1 1 0 0 3 2 2 1 0 0 
1 1 1 3 2 2 3 0 0 0 3 3 2 0 0 0 3 2 2 1 0 2 0 2 1 2 1 1 0 3 3 1 0 2 0 0 3 1 3 3 
0 0 3 2 1 0 0 3 2 0 0 3 0 1 1 1 3 3 0 2 2 0 2 3 2 1 1 3 3 1 0 0 2 3 1 1 0 3 1 0 
2 1 0 3 3 1 0 
4 22 30 33 27 7 13 25 31 8 18 20 25 29 2 17 33 3 26 24 
2 3 1 2 2 1 2 3 2 0 0 0 1 2 1 1 1 1 2 0 2 3 0 1 2 1 1 1 2 3 1 0 3 1 2 3 2 1 0 1 
2 1 1 3 2 3 2 2 2 3 3 3 0 1 2 2 1 0 2 2 3 0 3 2 2 1 2 0 2 1 2 0 0 0 2 2 3 0 1 3 
2 3 0 1 0 2 1 1 2 3 2 1 2 0 2 0 0 2 2 0 2 3 2 0 0 2 1 2 1 3 3 1 1 1 1 3 3 2 0 1 
1 1 2 0 1 0 2 1 2 0 2 0 0 2 0 3 0 1 0 1 0 0 0 1 3 0 3 0 2 2 0 1 2 1 0 2 3 1 1 2 
0 0 3 2 1 2 3 2 2 3 0 0 1 2 3 3 2 2 3 3 2 0 0 1 1 3 2 2 1 2 0 2 3 2 1 3 2 3 1 0 
1 0 2 0 1 2 1 3 1 1 0 2 1 3 0 1 2 0 1 1 0 2 3 2 3 2 0 3 0 1 0 3 1 2 2 1 1 0 2 0 
2 2 1 1 2 0 2 0 0 0 1 0 0 1 2 0 0 1 2 0 0 3 1 2 2 2 3 2 1 1 0 0 1 2 0 0 2 0 1 3 
3 1 0 1 0 0 1 1 1 3 3 0 1 2 0 0 3 2 2 3 0 3 2 3 1 1 0 0 3 1 0 1 2 3 1 2 0 2 0 3 
1 1 3 3 1 1 3 2 1 3 2 3 1 0 2 0 2 2 0 1 3 2 1 2 0 2 0 2 2 3 2 0 0 1 3 2 1 3 0 3 
0 3 3 0 2 0 3 0 1 1 1 1 0 0 2 0 1 2 2 3 0 0 2 3 2 2 0 2 3 1 2 0 2 0 3 0 0 0 2 1 
2 2 1 0 1 2 0 2 3 0 3 2 2 2 3 2 0 2 0 0 0 1 0 3 0 0 3 1 2 3 2 3 2 0 0 1 3 1 1 1 
0 3 3 3 3 1 3 1 1 3 3 3 2 0 1 3 0 1 3 2 2 0 3 1 2 3 3 3 1 1 2 2 2 1 3 0 2 0 2 3 
2 1 3 2 2 2 2 3 2 3 0 0 3 2 3 3 1 3 1 1 1 3 2 1 3 0 1 2 2 1 2 0 0 0 1 0 3 2 0 0 
1 0 0 3 2 1 2 0 2 0 1 3 0 1 2 1 0 3 0 2 3 2 2 0 1 1 3 0 3 1 3 1 1 0 3 1 2 3 0 0 
1 3 2 0 1 0 0 0 2 2 2 2 2 2 3 1 2 2 3 3 2 2 1 2 3 2 0 0 0 3 0 0 0 0 1 2 2 3 0 2 
0 1 1 3 2 3 1 0 1 0 2 2 2 2 0 2 0 2 1 1 3 3 0 0 2 1 2 0 0 3 1 2 1 3 0 3 0 1 3 1 
2 1 2 0 1 1 2 3 2 2 2 1 2 2 2 0 2 0 1 0 2 2 0 3 3 3 0 3 3 0 0 0 3 0 2 3 0 0 1 2 
2 3 2 3 0 2 2 3 2 0 2 0 3 1 0 0 1 0 3 3 0 3 0 2 0 0 0 2 1 1 0 1 0 2 1 2 1 2 2 3 
0 0 1 2 3 3 1 0 3 2 3 0 1 0 2 1 2 0 2 0 3 0 3 2 3 1 3 3 0 1 0 3 2 1 0 1 2 2 0 0 
0 2 3 1 0 3 3 3 1 2 3 1 0 3 0 0 2 2 1 1 2 0 2 0 3 2 3 2 0 0 0 1 1 2 1 2 3 3 0 1 
2 2 1 2 0 2 0 
3 23 9 5 26 33 1 32 20 27 12 31 27 3 20 10 9 5 13 17 
2 3 0 2 0 2 3 0 1 0 0 3 1 1 2 2 1 1 1 2 2 3 1 3 1 3 0 3 3 2 1 0 0 2 3 3 1 0 2 3 
2 3 1 3 3 2 1 0 0 2 2 1 2 1 2 0 3 3 0 0 0 2 0 3 1 3 0 1 3 3 3 0 1 0 2 0 0 2 0 2 
1 3 1 2 2 2 2 2 0 0 2 0 2 1 3 2 2 1 2 1 1 1 2 1 3 1 2 1 2 3 2 2 3 3 3 2 1 2 3 2 
1 0 3 3 0 0 1 1 2 1 0 1 0 0 0 0 0 0 0 1 3 1 2 3 3 2 2 0 1 3 3 2 1 2 3 2 3 3 3 3 
2 1 1 1 1 1 3 2 1 2 2 1 3 1 2 3 3 1 2 1 0 3 3 2 1 0 3 3 0 2 0 1 0 3 3 0 1 0 2 0 
0 0 3 3 2 1 0 3 1 3 1 3 1 1 1 3 2 0 0 1 3 3 1 0 0 0 2 1 1 1 2 0 3 3 3 1 0 1 0 2 
1 1 0 1 3 2 0 3 1 0 3 0 3 3 3 1 0 0 0 3 2 2 2 1 3 3 3 1 0 3 2 1 1 3 3 0 2 2 2 2 
0 0 0 3 0 0 3 3 2 2 3 1 2 3 1 2 2 3 3 2 1 1 3 2 3 0 1 1 1 1 3 0 1 1 3 1 2 3 2 3 
0 3 1 0 2 2 0 3 2 1 2 1 2 3 1 2 1 0 3 2 2 1 0 0 0 0 2 1 0 3 0 0 2 2 3 3 0 0 1 3 
1 2 0 2 3 0 3 3 1 3 3 2 1 0 2 2 0 0 2 0 0 3 2 1 3 2 2 2 0 3 2 3 2 1 1 2 3 1 2 1 
2 3 1 0 1 1 2 3 1 3 1 0 2 0 3 2 2 2 1 2 0 1 2 2 3 1 3 2 1 0 3 2 1 1 3 1 3 2 0 1 
2 3 1 3 0 3 0 0 0 2 0 1 3 0 3 3 2 1 2 3 2 0 0 0 0 3 0 0 3 0 2 0 0 0 1 3 3 0 2 3 
3 0 2 1 1 2 2 1 2 3 0 3 1 1 3 2 0 0 1 2 0 0 2 2 3 1 0 3 1 0 3 2 1 0 3 2 1 0 3 3 
2 3 1 0 2 0 1 3 3 1 1 0 3 2 0 2 2 1 1 0 2 0 2 2 0 0 3 1 3 3 3 2 1 2 1 1 2 1 0 3 
0 1 2 2 2 1 0 1 3 3 3 3 0 1 1 2 0 1 0 1 0 1 0 2 3 0 1 3 3 2 1 0 3 1 3 3 1 0 3 0 
3 3 2 1 0 3 0 0 1 3 1 0 0 0 2 2 0 0 3 2 0 1 1 2 0 1 0 3 3 3 2 2 0 3 2 1 2 0 3 3 
0 2 3 1 1 1 0 1 2 1 0 0 0 0 1 3 1 2 0 1 1 0 3 3 2 1 0 3 1 2 3 2 1 3 1 1 2 1 2 1 
1 0 1 2 3 3 2 1 0 1 2 1 3 1 0 3 2 1 1 1 2 2 1 1 2 1 1 2 0 0 1 2 1 3 1 1 0 3 3 0 
1 2 0 3 3 2 1 0 2 2 0 2 1 1 1 2 2 3 1 3 0 1 3 2 3 3 3 0 0 0 1 0 0 2 1 0 3 3 0 2 
2 3 0 0 0 0 3 1 3 3 0 1 3 3 1 0 0 2 1 3 1 0 0 3 0 3 2 1 0 3 2 3 0 1 0 3 1 3 1 0 
3 3 2 1 0 3 2 
27 3 33 29 21 2 24 17 13 9 25 14 29 7 27 28 22 4 3 24 
1 0 3 3 0 0 3 3 2 1 2 1 2 1 2 2 2 2 0 2 3 1 1 2 2 2 3 2 2 0 1 1 0 3 3 0 3 0 1 3 
3 1 2 3 0 3 0 2 1 2 3 2 3 3 2 1 2 0 1 3 0 2 0 0 2 0 1 3 2 0 0 2 0 1 3 2 3 1 1 3 
1 2 2 1 2 1 1 0 3 3 1 2 1 1 0 3 1 1 0 0 3 2 3 1 1 0 2 1 3 3 1 0 2 1 2 1 2 0 0 3 
0 1 2 2 0 1 0 0 3 0 2 1 1 1 2 1 0 1 3 1 1 2 0 3 2 3 2 1 1 0 3 1 3 0 0 0 0 0 3 1 
2 0 2 0 2 2 0 1 3 1 1 3 1 3 2 0 0 3 0 2 1 2 1 1 0 3 0 1 2 3 2 0 3 3 0 2 0 0 1 2 
1 1 1 2 3 0 1 0 1 0 1 0 3 0 3 1 3 0 3 1 1 2 3 0 2 3 2 1 2 2 0 2 0 0 2 0 1 1 0 1 
3 0 3 3 0 2 1 2 2 2 1 3 3 2 3 3 0 2 0 1 1 3 2 3 3 1 2 1 3 2 3 3 1 2 1 2 3 3 0 2 
3 1 1 0 1 0 2 1 0 3 0 1 0 0 2 3 1 2 1 2 1 2 0 2 1 0 3 3 1 0 1 2 0 1 0 1 1 0 3 2 
3 0 2 1 3 0 3 0 2 3 2 0 0 1 0 3 0 0 1 2 0 0 1 3 0 2 1 3 1 0 1 0 2 1 2 1 2 1 3 2 
2 2 1 3 3 2 2 0 2 1 2 1 2 3 1 0 0 3 1 0 0 1 1 1 3 0 2 1 2 3 2 0 3 3 1 0 1 1 2 0 
2 0 2 1 1 1 0 1 0 2 2 2 1 0 1 1 1 0 0 1 1 0 1 0 3 3 2 2 1 3 1 2 1 2 1 2 0 2 1 3 
2 2 1 3 0 0 0 2 3 2 2 1 1 3 3 1 2 1 1 2 2 3 3 0 2 3 2 1 2 3 2 0 1 2 3 0 1 2 3 1 
0 1 3 0 2 0 2 0 1 2 2 0 2 1 2 1 2 3 0 1 3 2 1 1 3 0 2 0 3 3 2 2 1 1 1 3 1 3 0 0 
3 2 1 2 0 3 3 3 3 1 1 3 1 0 2 1 1 2 2 3 2 1 1 3 1 2 1 3 3 0 2 1 2 1 0 1 0 1 2 1 
1 3 2 2 3 1 3 3 0 2 1 2 1 1 3 3 3 1 3 1 2 0 0 3 0 3 1 0 0 3 2 2 1 1 1 2 0 0 3 3 
0 2 2 2 3 2 0 3 3 0 2 3 2 0 1 1 2 2 1 2 1 3 0 3 0 2 1 3 0 2 1 2 2 2 3 0 1 1 2 0 
1 0 2 2 3 3 1 0 1 1 3 0 2 0 0 3 1 2 3 3 0 2 1 2 1 0 3 0 3 0 1 0 1 2 1 2 1 1 0 0 
0 3 3 0 2 1 2 2 2 1 2 1 0 2 3 2 2 1 0 2 1 1 2 0 3 3 1 3 2 1 0 0 0 0 1 0 2 0 0 3 
2 0 0 2 0 1 1 3 0 3 1 2 1 2 0 2 0 2 2 0 1 3 1 1 0 1 2 1 3 2 1 3 2 1 1 3 3 2 3 1 
1 3 3 3 1 3 3 0 0 1 3 1 3 2 2 1 2 1 2 2 2 3 3 3 3 1 2 2 0 2 1 1 0 3 1 1 0 2 2 1 
3 0 2 1 2 1 2 
6 5 30 8 17 22 3 15 30 6 29 22 10 28 7 27 19 2 7 12 
1 3 3 3 2 3 1 1 3 3 2 1 0 0 1 1 0 0 2 3 3 0 1 0 3 3 0 2 0 2 2 0 2 1 3 3 2 2 0 3 
3 0 2 2 2 0 2 0 0 0 1 1 0 1 1 0 0 3 3 1 3 1 0 1 2 0 3 1 2 0 3 0 1 2 1 1 2 1 3 0 
3 2 3 2 0 0 0 1 0 0 2 2 0 2 3 3 0 0 3 3 1 2 1 0 2 1 3 0 3 0 3 3 3 1 3 1 1 2 3 2 
1 3 2 0 0 0 2 1 0 3 1 1 3 1 0 0 3 3 3 0 1 2 0 2 0 0 3 0 1 0 1 0 0 2 0 0 2 0 3 1 
3 0 1 0 1 0 2 0 1 0 0 0 3 1 1 0 0 0 2 3 3 0 0 0 1 1 0 2 1 1 1 3 0 3 3 2 1 3 2 0 
0 3 1 3 0 1 2 0 1 1 3 0 3 3 2 2 2 3 0 3 1 2 0 0 0 1 1 1 2 3 0 2 3 0 1 1 0 2 0 2 
2 1 3 2 1 1 0 3 3 3 3 3 2 0 1 0 1 1 3 2 0 2 1 3 2 3 1 0 1 3 1 1 3 2 1 1 3 1 1 1 
1 2 3 0 0 0 0 2 1 1 2 3 0 2 2 3 3 0 3 2 0 0 0 1 2 2 3 0 1 0 1 2 0 0 1 2 1 2 1 1 
3 0 1 2 1 2 1 3 3 3 0 1 2 3 2 0 2 3 3 0 1 2 0 1 1 1 2 0 0 0 1 1 3 1 2 2 0 3 0 3 
1 3 1 0 0 0 0 1 3 2 2 0 0 2 1 1 3 3 3 2 0 0 3 1 1 3 0 3 3 2 0 3 3 0 3 2 3 0 2 3 
0 0 0 3 2 3 0 1 2 0 2 0 0 0 1 1 3 3 2 1 0 2 2 1 1 1 1 1 0 3 3 2 3 3 3 0 0 3 1 3 
1 2 1 0 2 0 0 0 3 0 0 0 3 3 0 0 2 0 1 3 2 1 0 2 2 3 1 3 2 0 0 0 0 1 2 0 0 0 0 1 
2 2 0 3 2 0 3 0 2 0 3 1 0 0 1 3 0 0 3 0 3 1 3 3 2 0 0 0 2 1 1 0 1 1 0 2 3 1 1 1 
1 3 1 0 0 0 1 1 1 1 1 2 1 3 0 1 2 1 2 1 2 1 1 3 2 3 1 2 3 1 3 0 2 2 1 3 3 3 0 2 
0 3 2 1 0 3 0 3 3 3 2 0 3 3 1 0 0 1 3 3 2 0 0 2 1 1 3 3 2 2 3 0 0 0 1 0 3 1 3 1 
0 2 3 0 2 1 3 2 0 0 0 1 3 3 0 2 2 2 2 2 3 0 3 2 0 3 2 2 2 2 1 1 2 1 1 0 1 0 2 3 
2 2 1 2 0 1 1 0 1 3 1 0 2 3 1 0 1 0 1 2 3 0 2 0 1 1 3 1 3 0 0 0 0 1 1 2 0 0 1 1 
3 1 3 0 1 3 1 2 0 1 2 2 3 1 3 0 2 0 2 2 0 3 3 2 3 1 3 1 3 2 1 0 0 1 1 3 3 1 1 1 
0 3 2 1 3 1 3 0 3 2 0 1 0 2 0 0 3 2 3 1 0 0 2 1 2 3 3 1 1 3 2 0 0 0 1 2 3 1 3 1 
3 2 0 1 1 0 3 1 1 1 3 1 2 1 1 0 3 2 0 3 3 1 0 3 2 1 1 1 1 2 1 3 2 3 0 0 1 1 2 2 
3 2 0 0 0 1 1 
9 5 2 1 19 20 11 18 25 18 9 27 23 1 19 6 28 28 29 31 
20 40 7 2 
0 2 0 3 2 1 2 2 0 3 3 1 0 1 1 2 2 3 2 0 0 1 0 3 3 2 1 3 1 1 3 0 2 1 1 1 2 1 0 0 
2 1 2 2 3 2 2 1 2 3 2 2 0 3 1 3 2 0 1 2 3 1 1 1 1 1 1 2 1 0 3 2 2 1 0 3 1 3 2 3 
3 1 0 0 1 0 1 1 0 2 1 0 3 3 1 0 0 1 3 1 1 3 3 2 2 3 2 3 2 2 3 0 3 0 3 1 1 3 1 1 
2 3 2 3 1 2 3 2 3 0 0 1 2 0 0 2 0 1 0 1 3 3 3 2 1 3 2 2 1 0 3 3 0 0 0 0 3 1 2 0 
3 3 3 2 0 0 0 1 2 0 1 1 2 3 0 3 3 1 2 2 2 1 2 3 2 3 1 1 2 2 1 1 1 1 1 3 1 3 3 0 
2 2 2 1 0 2 0 0 1 2 3 3 0 1 3 3 2 1 0 3 2 2 2 2 2 1 2 1 2 0 1 0 1 3 1 3 3 1 3 1 
1 2 2 3 2 1 0 1 1 3 2 2 1 3 1 1 3 1 3 3 0 0 1 3 1 2 0 1 3 1 0 2 2 0 1 0 3 3 1 0 
3 2 1 3 1 2 2 2 1 2 3 2 3 1 2 0 3 3 0 3 0 0 3 2 2 3 0 3 2 1 0 0 0 3 2 0 2 0 1 0 
0 1 1 3 1 0 1 0 3 2 1 0 0 2 1 2 1 0 0 2 1 0 0 1 2 2 2 3 2 2 0 1 2 3 0 2 2 3 3 0 
3 2 1 3 2 0 1 0 2 1 0 2 0 3 2 1 2 1 3 0 1 0 2 2 1 3 2 0 2 3 3 1 1 3 0 3 3 2 2 1 
1 0 1 0 1 0 0 2 2 3 1 0 3 0 3 2 3 3 1 1 1 2 2 1 2 2 1 1 1 3 1 1 3 1 2 2 0 3 2 0 
1 0 3 1 3 0 2 1 1 2 0 3 2 2 1 1 0 2 1 1 0 2 1 2 3 0 3 3 2 2 3 3 2 1 3 0 2 1 2 0 
0 2 0 1 1 0 2 2 2 1 3 3 0 1 0 0 1 1 0 3 3 2 3 0 1 0 0 0 1 2 3 2 1 3 3 2 2 0 3 0 
1 1 0 1 1 3 0 2 0 2 2 2 0 3 3 1 0 0 1 0 1 1 2 1 2 2 1 1 0 2 1 2 3 0 3 2 3 3 0 1 
0 3 1 2 3 0 0 1 0 0 3 3 1 0 2 1 3 1 3 3 1 0 1 2 0 3 2 0 3 2 1 1 0 1 0 1 0 0 2 1 
2 1 1 1 2 3 2 2 1 0 1 2 1 2 3 1 3 2 3 2 0 2 1 1 2 3 0 1 3 0 0 2 2 1 0 3 0 3 3 3 
3 3 2 1 2 0 2 3 0 3 3 2 3 2 2 0 3 2 1 0 0 2 0 1 1 3 0 2 3 3 3 2 3 1 0 0 1 3 1 1 
0 3 3 1 3 3 0 3 0 1 0 3 0 1 1 2 2 3 3 0 0 3 3 3 3 1 0 2 3 1 2 3 3 0 3 2 0 0 2 1 
1 3 3 1 1 1 2 3 1 1 3 2 2 1 0 1 1 3 2 3 2 0 3 0 3 1 2 1 2 2 0 3 0 3 1 3 1 2 2 2 
0 0 2 3 3 1 3 3 3 1 2 0 1 3 0 2 0 0 3 1 1 2 2 3 1 2 3 1 3 1 3 2 1 0 1 0 0 3 3 3 
1 3 1 2 3 0 3 
26 24 26 2 9 32 12 21 2 29 8 20 32 28 0 10 3 1 25 12 
0 2 1 3 1 0 2 0 2 0 3 3 1 1 3 0 1 2 2 0 3 1 1 1 1 3 2 2 1 1 0 1 0 3 1 3 2 1 0 2 
3 2 3 1 0 3 3 0 0 2 2 1 3 0 0 2 3 2 0 3 2 3 3 0 0 2 0 0 0 0 2 0 0 3 1 2 0 2 2 2 
3 2 1 3 3 0 0 2 1 1 1 2 3 2 0 3 1 0 0 1 3 3 2 2 2 0 1 3 0 2 2 1 2 1 0 0 0 1 2 3 
3 0 2 3 0 2 0 2 1 2 0 2 0 1 3 2 0 2 1 3 3 0 0 3 2 2 2 2 3 0 3 2 1 1 3 3 0 2 3 0 
0 3 1 2 3 0 3 1 1 0 2 3 3 2 0 1 2 0 2 0 2 3 1 0 0 0 3 0 1 0 1 3 1 0 2 2 2 3 0 3 
1 1 2 3 0 3 2 3 0 3 1 3 0 0 0 3 3 0 1 1 3 0 0 2 3 1 0 1 3 3 2 0 1 3 3 0 2 2 1 2 
0 0 3 0 3 0 1 3 3 0 3 1 1 1 2 3 1 1 0 3 1 1 3 3 2 1 3 3 1 3 2 2 1 3 2 1 3 3 0 2 
3 3 2 2 1 0 0 1 3 3 2 0 3 0 3 1 2 2 0 3 2 3 0 0 0 3 0 0 2 0 3 2 0 1 3 0 2 1 2 3 
0 0 1 2 3 2 0 1 2 0 0 0 2 2 0 0 3 2 1 1 2 2 3 0 1 3 2 0 3 1 0 0 0 2 1 3 1 0 1 2 
3 3 0 0 3 0 0 3 0 3 3 2 3 0 3 2 1 1 0 1 3 2 3 2 2 2 3 0 2 0 1 1 1 1 2 2 0 2 3 3 
3 3 0 3 3 0 2 2 3 2 0 0 3 0 3 2 2 1 0 0 0 1 1 1 1 1 3 0 1 3 0 1 1 2 2 0 3 0 3 2 
0 0 3 1 2 1 1 2 3 1 1 3 0 0 1 2 2 0 1 1 3 3 1 0 3 1 2 0 3 2 3 2 1 0 2 1 2 2 3 1 
2 3 3 3 0 1 0 0 0 2 3 1 2 3 0 1 2 2 2 3 2 3 1 1 0 1 3 0 0 3 2 1 2 3 3 2 2 3 3 1 
3 1 2 3 0 3 1 1 0 3 3 3 0 2 3 2 3 0 2 0 0 0 2 3 1 3 3 3 2 1 0 1 3 3 3 3 1 0 3 2 
0 1 1 2 0 1 3 3 3 0 2 0 0 1 3 0 3 2 1 2 3 0 3 0 1 0 1 0 2 2 0 3 3 3 3 1 1 2 2 0 
0 2 1 3 2 1 1 2 1 3 1 3 3 1 3 1 0 2 0 2 1 0 1 0 1 0 3 3 2 2 2 2 2 0 0 3 0 0 2 2 
1 1 3 1 2 0 3 3 0 3 1 3 2 2 1 1 1 0 3 3 3 1 0 2 0 1 3 0 3 2 1 3 1 0 2 0 0 2 3 1 
0 3 1 2 1 1 3 2 0 3 0 1 1 0 1 3 1 0 2 2 1 3 3 2 0 3 2 0 2 1 0 1 3 0 2 3 1 0 1 0 
0 1 0 3 3 1 3 0 0 0 3 0 3 1 3 0 1 2 0 3 0 3 3 2 1 2 2 2 0 2 3 0 3 3 3 1 1 1 3 0 
3 3 2 0 1 3 2 0 2 3 2 2 3 3 1 3 0 0 0 3 0 2 1 3 3 1 3 1 2 3 2 0 2 3 0 0 3 1 0 3 
3 0 1 3 0 0 2 
11 19 24 11 28 17 4 22 22 1 1 8 23 16 22 11 28 12 3 12 
0 1 2 3 1 2 0 3 2 0 2 1 3 1 0 2 3 3 3 2 0 1 0 1 2 3 0 0 2 0 1 0 2 2 0 1 2 3 1 0 
3 3 2 0 1 1 1 2 2 2 3 1 1 1 1 0 2 0 0 3 2 0 0 1 1 0 1 1 2 2 3 2 1 2 2 2 1 2 3 2 
1 1 2 1 2 3 0 0 1 1 1 0 3 2 3 1 2 3 3 1 2 0 1 0 2 0 1 0 1 0 0 0 0 1 0 0 3 0 3 1 
0 0 1 0 3 3 2 0 2 0 3 3 0 1 0 2 3 1 3 0 3 0 0 3 2 1 1 2 1 1 3 2 1 0 1 1 0 3 2 3 
0 2 3 0 2 3 0 0 0 2 3 2 2 0 1 1 0 2 0 1 0 1 0 1 3 1 0 2 3 1 1 2 1 2 0 0 0 1 2 3 
2 1 2 1 1 1 3 0 3 2 2 3 3 1 0 1 1 1 2 3 0 1 1 0 2 2 1 0 0 3 0 1 2 2 1 1 2 3 3 0 
0 0 3 0 3 3 1 0 2 2 0 1 0 2 3 1 0 1 2 0 0 2 2 3 2 3 2 1 3 0 0 2 3 0 0 1 1 3 0 1 
2 3 1 1 2 3 2 3 1 3 3 1 3 1 1 3 3 2 0 3 0 2 1 1 3 0 1 1 0 2 0 1 2 1 1 1 1 0 2 3 
0 3 1 1 1 1 1 1 3 1 1 1 2 2 2 3 2 1 2 1 2 1 0 0 3 2 2 1 1 0 1 2 1 0 3 3 0 0 1 3 
3 0 2 2 0 1 2 0 1 0 3 0 1 1 1 1 2 3 3 1 1 2 0 2 3 3 2 3 1 3 2 2 1 3 1 3 2 3 1 0 
1 1 1 1 0 2 0 0 1 1 3 1 0 1 1 1 1 1 1 3 1 2 1 0 2 1 0 1 1 0 2 2 3 2 0 0 0 3 1 3 
0 2 1 1 3 3 2 3 2 2 1 2 2 0 1 1 2 2 0 3 1 1 0 2 1 0 1 1 3 2 3 1 2 3 1 0 2 0 2 0 
1 1 1 1 1 1 2 3 2 3 2 3 3 0 2 2 3 1 1 2 1 2 3 3 1 2 1 0 2 3 2 0 3 0 3 0 0 0 1 1 
1 3 1 1 3 0 2 1 2 0 2 1 1 3 2 3 1 0 0 1 0 1 1 0 3 2 3 1 1 1 0 0 2 3 3 1 2 0 1 3 
0 3 1 0 0 2 2 0 1 1 0 2 3 0 3 0 1 2 2 1 0 1 0 0 1 0 2 2 2 2 3 2 2 2 2 3 0 2 2 0 
0 0 0 3 1 1 1 0 1 0 1 3 3 3 0 2 2 3 3 3 3 0 2 3 2 0 2 1 3 1 2 1 0 0 0 0 1 3 0 2 
0 1 2 2 2 1 3 1 1 0 2 1 1 3 1 0 0 2 0 0 3 3 0 2 2 1 2 0 1 0 0 3 0 0 1 1 2 2 3 0 
1 3 1 3 1 1 1 1 2 0 1 2 2 3 1 2 3 3 2 1 2 3 2 1 0 3 1 2 2 1 3 1 1 1 1 2 1 0 3 1 
0 2 1 1 0 1 0 0 3 1 1 3 0 1 0 2 3 3 0 2 0 2 0 2 0 2 1 2 3 3 2 2 1 1 2 0 2 3 2 0 
2 0 2 3 1 3 1 0 0 3 0 0 3 2 0 2 0 2 3 2 0 0 3 3 1 1 1 0 2 1 0 0 2 3 3 1 2 3 2 3 
1 1 1 0 2 3 1 
11 12 9 11 13 20 9 25 3 19 14 25 2 10 7 4 6 4 32 24 
0 0 1 0 2 1 3 0 1 1 2 2 3 0 1 3 0 1 3 2 0 0 1 2 2 2 2 2 3 1 1 0 0 2 0 2 2 3 1 2 
1 2 3 2 0 0 2 2 3 1 3 3 3 1 2 0 0 3 1 3 2 1 0 0 0 1 1 1 3 1 3 3 2 2 3 3 0 0 2 3 
0 2 3 1 2 1 0 2 1 0 1 3 3 0 2 3 1 0 0 0 2 2 0 2 3 2 0 2 0 0 1 2 3 0 1 1 1 2 3 2 
0 3 1 2 0 0 0 0 1 3 0 2 1 1 1 1 3 0 3 0 1 3 0 1 1 0 3 0 0 0 2 3 3 1 3 3 2 0 2 3 
3 3 2 2 0 1 3 2 3 2 0 3 0 1 3 1 2 3 2 2 3 3 0 2 0 0 0 3 2 1 1 3 3 3 2 1 3 3 1 0 
2 1 0 3 2 3 0 3 2 3 3 2 1 3 2 3 3 1 1 0 0 3 2 0 0 2 0 1 2 3 3 0 3 2 3 2 0 2 3 0 
0 0 1 0 1 3 2 2 3 1 1 2 3 1 0 3 3 0 3 0 1 1 0 0 3 2 1 1 0 1 2 0 2 0 2 1 3 3 1 1 
1 3 0 0 3 1 1 2 3 2 3 2 2 1 3 1 2 0 1 0 2 1 1 1 1 0 0 3 2 3 3 1 3 0 2 0 0 1 0 1 
2 1 0 0 3 2 0 3 1 3 0 1 1 2 2 0 0 3 2 0 1 3 1 1 1 3 1 0 1 3 0 0 2 0 0 0 1 0 0 2 
1 1 3 3 2 2 3 3 0 3 2 2 0 2 1 2 0 2 1 1 2 0 0 1 3 1 3 3 2 0 2 0 0 3 3 3 2 3 1 2 
3 2 3 0 0 1 3 0 0 0 0 2 0 1 2 3 2 3 2 2 2 0 1 3 1 3 3 0 0 0 2 2 1 0 2 3 3 3 1 1 
3 2 1 0 3 2 1 3 3 2 1 0 0 0 0 1 0 0 2 3 2 3 2 2 1 0 2 3 1 0 2 3 3 3 1 2 3 2 3 0 
1 3 3 2 0 3 0 3 2 2 3 1 3 2 0 0 1 2 3 3 3 2 3 2 0 2 0 0 1 3 0 1 3 3 3 3 0 2 3 3 
2 1 1 3 0 2 3 0 1 3 1 2 1 2 1 3 3 3 0 0 3 0 3 0 3 0 2 3 2 3 2 1 2 2 1 0 0 3 1 2 
3 1 1 1 0 1 3 3 2 0 3 0 2 0 3 2 3 2 1 3 3 3 0 1 1 2 2 0 0 1 3 0 0 1 3 1 0 0 0 1 
3 2 1 2 3 1 2 3 1 2 0 0 0 1 3 3 0 3 1 1 2 3 0 0 0 2 0 3 0 0 1 3 0 1 3 0 1 3 0 2 
3 2 3 2 3 1 3 2 1 0 0 1 0 0 2 3 3 1 3 1 0 3 2 0 3 1 2 2 2 2 0 2 2 0 1 1 2 1 0 2 
3 2 3 3 3 1 0 0 0 0 2 2 2 0 0 0 0 3 1 1 2 3 1 2 0 0 2 1 1 1 3 3 3 1 2 1 3 3 2 2 
0 0 2 2 2 2 3 2 1 3 1 1 2 1 3 2 0 2 0 3 0 3 3 3 0 0 2 1 0 0 3 0 3 2 1 1 2 2 1 1 
3 3 0 3 1 0 2 2 2 1 0 3 2 2 1 3 0 0 0 2 0 0 3 1 3 1 0 3 2 2 3 0 1 2 3 2 0 1 0 0 
0 0 2 0 0 1 3 
31 4 25 28 21 23 30 32 15 28 9 13 26 3 24 25 9 24 24 17 
1 3 3 1 2 2 1 3 3 0 2 1 1 0 1 3 2 1 2 1 1 1 3 2 1 0 1 0 0 0 1 3 1 2 3 2 0 0 3 1 
0 2 0 0 3 1 3 0 1 2 3 0 3 2 3 3 1 2 0 1 0 2 1 3 1 2 0 1 1 3 0 3 1 1 1 0 2 1 1 1 
2 2 2 3 0 0 2 2 3 1 0 1 0 1 1 2 1 3 3 1 3 0 1 2 3 2 1 1 1 2 2 3 2 3 1 2 0 0 3 1 
0 3 2 0 2 1 1 3 0 1 1 3 3 0 0 3 0 1 3 3 2 2 2 1 0 3 0 2 1 0 1 3 0 1 2 2 1 2 1 0 
0 1 2 0 0 0 2 1 0 3 3 0 2 0 3 2 3 1 2 3 2 2 0 2 0 2 3 0 0 0 2 2 0 1 1 2 1 2 3 3 
0 2 2 0 1 2 2 3 1 2 1 0 3 1 1 1 2 0 1 0 1 0 2 3 3 1 3 2 3 1 0 0 2 3 1 0 2 2 1 1 
2 0 3 3 1 0 2 0 2 3 0 1 2 1 3 2 2 3 0 3 0 0 1 2 2 0 3 3 2 3 2 3 3 3 2 1 3 2 1 1 
2 0 3 3 1 3 2 1 2 0 0 1 3 3 3 3 3 2 1 1 0 0 3 3 1 1 3 3 1 2 1 1 1 3 0 2 2 1 2 2 
1 2 0 3 3 2 0 1 0 0 0 2 1 3 2 2 2 0 1 2 1 1 0 3 2 1 0 1 2 1 2 1 3 0 3 0 1 3 3 1 
2 0 1 0 0 2 2 1 1 2 1 3 1 2 3 2 2 0 2 0 1 0 1 1 1 1 1 1 2 0 3 2 2 0 2 2 1 3 1 2 
0 1 3 3 2 2 3 2 1 2 2 2 0 1 0 1 3 2 0 1 3 2 2 0 3 2 1 0 2 1 2 0 2 3 3 1 3 2 2 3 
2 1 1 2 2 0 0 1 0 2 3 0 1 1 3 2 1 0 1 2 0 1 0 0 0 3 3 2 0 1 2 2 3 3 3 0 1 3 3 1 
1 1 2 3 1 3 0 1 3 3 3 1 0 3 3 2 3 2 3 1 0 2 1 2 1 1 1 3 2 2 1 3 0 0 0 1 2 0 1 1 
1 1 2 3 0 0 3 3 0 3 2 1 0 2 2 1 0 0 3 1 0 2 3 2 3 2 2 1 1 1 0 3 1 0 1 0 3 1 1 3 
3 0 1 1 2 3 0 1 1 1 2 3 0 1 0 1 0 0 3 0 3 0 3 1 2 2 1 1 2 3 3 3 2 2 0 1 0 0 3 2 
2 3 1 0 3 3 2 0 0 3 1 1 1 2 3 3 1 3 2 1 0 1 2 2 1 2 2 2 1 3 2 3 1 1 3 2 2 3 2 1 
2 1 2 3 0 2 1 0 1 2 1 1 1 2 2 3 3 0 0 0 1 2 0 3 1 0 2 2 1 2 1 0 3 1 2 0 2 0 1 1 
0 1 3 3 3 2 0 2 0 3 2 1 2 3 3 3 1 3 3 2 0 2 2 0 1 2 2 0 2 1 2 2 2 1 3 3 2 0 2 1 
3 1 1 1 1 3 2 1 3 2 0 1 2 3 1 1 0 0 1 3 1 2 3 1 3 1 3 0 3 1 0 2 2 2 3 1 0 1 0 1 
3 3 2 3 2 2 3 0 0 2 0 1 2 2 2 1 2 3 1 2 1 3 1 3 1 2 3 1 0 3 1 3 0 3 0 0 3 3 0 1 
0 1 2 2 1 1 3 
2 23 12 32 32 3 21 27 26 3 14 28 21 33 22 20 7 28 10 10 
20 40 7 3 
3 0 1 1 2 0 2 0 0 0 0 3 1 2 0 2 2 2 1 0 1 1 0 2 0 1 3 3 1 2 0 2 1 2 2 0 1 2 0 2 
1 1 0 0 2 3 1 2 1 0 2 2 0 1 1 2 2 1 1 1 2 2 2 2 1 1 1 3 1 3 0 1 1 1 2 1 0 2 1 1 
2 0 3 3 1 0 1 3 3 0 1 0 3 0 3 0 3 2 2 0 3 1 3 3 1 0 1 2 1 2 3 1 0 1 0 0 0 0 1 0 
1 1 1 3 3 3 3 2 2 2 2 2 3 1 3 3 3 3 0 1 2 0 2 2 3 2 3 0 1 2 0 3 1 2 2 3 1 3 3 3 
3 3 1 3 2 1 3 3 1 3 2 0 1 2 1 0 0 2 1 3 3 3 2 0 1 2 0 2 3 2 2 0 2 1 0 2 2 0 3 0 
2 3 2 2 0 2 0 0 3 0 2 1 0 1 2 3 3 3 2 2 0 0 2 1 1 3 1 0 1 0 3 2 2 1 0 3 3 3 1 2 
3 2 0 2 0 0 2 3 2 3 2 3 0 2 0 0 2 2 1 1 2 3 1 3 1 2 2 3 0 2 1 2 0 2 2 3 1 3 3 0 
1 0 1 3 1 1 3 0 3 1 2 1 0 2 1 3 3 0 0 1 2 0 2 1 1 3 3 0 0 1 0 0 2 3 0 2 2 0 3 1 
0 2 0 2 0 0 0 2 1 1 2 0 2 2 2 3 3 0 3 0 3 0 2 2 1 0 1 2 2 2 3 0 2 2 0 2 0 0 3 0 
0 3 3 0 0 3 3 3 3 2 2 3 3 0 0 2 1 0 1 0 1 0 2 2 2 1 2 3 3 3 1 3 1 2 0 1 2 0 2 2 
1 0 0 1 3 1 2 2 2 3 2 2 3 1 2 2 0 3 2 1 0 3 2 1 0 2 1 0 2 2 3 0 0 0 2 2 2 1 2 0 
3 1 2 1 2 1 0 2 0 1 1 1 2 1 3 1 2 1 3 2 0 0 0 3 2 0 2 3 1 2 1 0 1 1 1 3 3 2 2 0 
1 3 2 0 2 3 2 3 3 0 0 2 1 3 3 0 0 3 3 1 2 1 3 0 2 3 3 2 1 1 2 2 3 2 0 3 1 3 0 0 
1 3 2 1 2 1 2 2 3 0 2 2 3 3 1 0 2 0 0 3 2 3 2 3 2 2 3 2 2 3 0 0 1 0 1 1 3 2 1 3 
3 0 1 0 0 0 2 3 2 3 2 3 3 2 0 0 3 2 1 1 3 3 1 2 2 2 2 3 0 0 0 2 1 0 2 2 2 0 2 0 
1 2 0 1 3 2 3 0 2 3 2 2 1 3 3 2 1 0 2 1 0 3 0 1 3 0 3 0 2 1 3 2 0 2 0 2 0 1 0 0 
0 2 2 0 3 2 0 3 1 2 0 2 0 3 3 0 2 2 2 0 3 1 1 0 1 1 1 0 3 2 1 3 2 0 3 3 0 2 0 0 
1 0 1 0 1 1 3 1 3 2 2 2 0 1 1 2 3 1 2 2 3 1 2 0 2 2 2 1 3 2 2 2 3 1 0 2 3 2 2 2 
1 0 3 0 1 1 1 1 1 3 2 2 1 2 0 0 2 3 3 3 3 0 1 2 0 0 1 3 0 2 1 0 0 1 1 1 3 1 3 3 
1 3 3 3 0 2 1 2 0 2 2 2 3 0 1 1 1 3 2 0 0 0 3 3 0 2 2 1 3 0 3 3 1 3 3 2 2 2 1 3 
3 1 1 2 2 0 2 
11 12 23 5 6 15 7 7 6 29 11 1 18 12 0 27 7 16 7 31 
1 0 3 2 2 0 1 3 3 3 3 1 0 2 1 3 3 0 3 2 2 1 3 1 1 3 0 1 0 2 1 3 0 2 2 0 2 3 1 3 
1 2 0 3 2 1 1 1 3 0 0 0 3 0 2 3 2 1 1 1 0 3 2 1 3 2 3 0 0 3 3 3 0 3 0 2 3 3 3 1 
1 0 3 1 1 0 3 0 2 2 0 2 2 2 2 0 3 0 0 3 2 1 0 1 0 0 0 1 3 3 1 3 3 3 2 1 0 0 3 3 
0 1 1 2 0 3 3 3 0 1 1 0 1 3 3 2 0 3 1 0 2 2 0 1 0 0 1 0 0 3 2 2 0 0 2 3 1 1 3 3 
3 3 3 3 1 3 1 0 3 2 2 2 3 3 2 2 3 2 0 1 0 0 3 3 3 2 2 0 2 2 2 1 1 2 0 2 0 1 1 2 
1 2 2 0 0 1 1 3 2 2 1 2 0 3 3 2 3 1 1 2 3 1 2 1 2 1 2 0 3 2 0 0 1 2 1 1 1 1 0 0 
2 0 2 3 3 0 3 1 0 3 2 1 3 3 2 1 2 2 1 2 1 3 0 3 2 3 3 3 1 0 0 0 3 3 2 0 1 1 1 3 
2 2 3 2 1 1 0 2 0 0 2 2 3 1 2 1 0 0 0 3 2 1 1 0 2 0 0 2 0 2 0 1 3 0 2 2 2 1 3 3 
2 3 2 3 1 3 3 1 3 0 0 0 0 2 3 3 2 3 2 1 1 1 1 2 1 2 1 3 0 1 0 3 3 0 3 1 3 1 1 0 
2 1 1 3 1 0 1 0 0 3 1 0 0 3 3 3 0 1 3 2 3 2 3 1 2 1 0 3 0 2 2 1 1 0 3 0 3 1 2 1 
0 3 2 2 0 1 0 1 0 1 1 1 2 3 2 0 0 2 2 1 0 1 3 0 3 1 3 2 2 0 3 2 1 3 3 3 3 0 2 3 
0 1 0 1 1 1 0 1 3 2 0 2 3 0 3 1 3 3 0 0 3 3 3 1 1 1 1 2 1 2 1 2 0 1 0 3 1 2 1 0 
2 2 0 0 2 2 0 3 0 0 1 1 3 1 3 3 2 1 0 2 0 3 1 3 3 0 1 2 0 1 1 2 0 1 2 3 0 0 1 2 
0 0 0 1 2 1 3 1 0 1 2 1 3 1 3 1 3 0 2 1 0 2 2 0 0 2 0 1 2 1 1 2 2 2 1 1 1 0 2 0 
0 3 0 0 2 2 3 2 0 2 0 0 2 1 3 1 0 1 1 3 1 1 1 1 1 2 1 0 0 3 2 2 0 1 3 0 1 2 0 2 
0 2 0 1 3 1 1 2 2 2 3 0 3 0 0 1 0 0 1 2 3 1 3 3 3 2 3 0 0 1 0 1 0 2 0 0 0 3 1 1 
1 0 0 3 3 1 0 2 3 1 2 3 0 2 2 1 3 3 0 3 2 0 2 0 0 3 1 3 0 2 3 2 3 2 2 2 3 1 2 1 
3 2 1 0 1 1 1 1 2 1 2 1 2 1 1 3 2 3 2 1 3 0 3 1 0 2 0 1 2 0 0 1 3 2 3 0 2 3 3 3 
1 3 1 1 1 1 3 2 2 2 3 1 2 1 2 1 2 2 0 0 0 1 2 2 0 0 0 2 3 3 2 2 3 3 0 0 3 3 3 2 
3 3 1 1 1 2 3 0 1 2 1 0 3 1 0 1 0 2 2 3 0 3 3 3 2 1 1 3 2 0 2 1 1 3 1 3 2 3 1 1 
0 3 0 3 3 1 3 
6 30 22 32 18 10 29 26 11 26 29 16 8 8 28 0 26 14 32 20 
2 0 2 2 2 1 2 0 3 1 0 3 3 1 1 0 1 2 0 2 2 3 3 2 1 1 2 1 0 2 0 3 1 2 1 3 1 2 0 0 
0 0 1 1 2 3 0 1 1 2 0 1 0 2 3 1 2 1 2 2 0 2 2 0 1 0 1 3 3 3 0 0 3 0 2 1 2 0 3 2 
0 0 2 3 1 3 0 0 0 0 2 0 3 3 1 2 2 0 1 1 3 3 3 2 1 1 0 0 2 2 1 3 3 0 2 3 1 1 1 1 
2 2 2 2 2 1 1 3 2 2 0 2 0 3 0 2 0 1 3 3 1 3 3 0 0 2 1 1 3 0 0 2 2 0 1 2 2 0 0 1 
3 3 2 2 1 1 3 1 1 0 3 1 3 2 3 2 3 0 3 2 1 2 2 2 1 2 0 0 1 3 0 2 3 0 0 2 2 0 3 3 
1 0 2 0 3 3 0 0 0 2 2 2 1 1 1 0 2 1 0 1 3 1 2 1 1 2 0 1 2 3 2 3 2 0 3 0 2 1 2 0 
0 0 2 2 1 1 1 3 0 0 0 2 2 1 0 0 0 0 0 2 1 1 3 1 1 2 2 2 2 3 2 2 3 1 2 1 2 2 2 3 
1 3 1 1 2 1 3 3 1 0 3 2 0 2 2 3 0 2 3 3 0 0 1 2 2 3 0 3 3 0 1 2 3 2 2 1 3 1 0 0 
3 3 1 2 3 1 0 3 3 2 1 0 0 0 0 0 2 0 3 2 1 3 1 1 0 0 3 3 3 0 1 3 0 2 3 3 3 3 2 3 
3 0 3 3 3 3 3 2 2 0 0 3 3 0 1 3 2 0 3 0 3 2 2 1 3 1 2 0 3 2 2 3 0 3 0 2 2 1 3 1 
3 0 3 2 3 3 1 0 2 0 0 2 3 3 3 1 0 3 2 3 2 1 0 1 1 2 0 0 0 0 2 2 1 2 0 0 2 1 1 1 
3 1 2 3 1 3 1 2 0 2 1 1 3 2 2 0 1 1 3 0 2 0 0 2 3 1 3 2 3 1 2 3 0 3 0 1 3 2 3 2 
3 3 0 1 3 2 0 1 2 3 0 2 1 0 0 3 0 1 0 3 3 2 2 3 0 0 2 2 3 1 3 1 0 2 1 1 1 3 0 2 
3 2 0 1 2 0 1 2 1 0 3 0 1 0 1 0 0 3 2 2 1 2 2 2 1 0 3 1 0 3 2 2 3 2 3 2 3 1 0 2 
0 0 0 2 0 2 2 0 2 3 3 0 3 2 2 3 2 3 0 1 2 2 2 2 2 3 1 2 1 3 3 2 1 0 2 3 1 0 3 1 
0 3 0 1 0 1 1 0 1 1 1 2 1 2 0 2 2 2 2 2 0 2 3 1 0 2 3 0 0 0 2 0 2 0 2 1 3 3 1 1 
1 1 0 1 1 1 0 0 2 1 3 3 3 1 0 0 0 2 2 0 2 1 2 2 2 0 0 0 1 2 2 1 0 2 0 0 2 0 1 1 
1 1 1 2 3 1 2 2 1 2 0 0 2 3 0 3 0 2 2 2 3 0 1 0 2 3 0 3 1 2 3 3 3 1 1 0 2 1 2 2 
0 0 3 0 2 2 2 0 2 0 2 0 1 3 0 2 2 0 3 0 1 0 2 0 0 2 1 0 1 0 3 0 1 1 1 1 2 0 3 1 
1 2 3 2 2 0 1 1 2 0 2 1 0 3 0 3 1 2 2 3 1 0 0 0 3 0 0 2 3 0 3 0 3 3 2 3 2 2 1 0 
0 2 0 0 2 2 2 
15 12 24 31 17 6 7 9 12 17 25 8 21 17 4 29 25 8 11 23 
0 2 2 3 0 3 0 1 1 3 2 3 0 3 3 2 0 2 2 0 3 2 2 1 2 3 3 1 0 0 0 2 2 3 2 0 1 1 3 1 
3 0 1 1 1 0 2 3 1 1 2 3 2 0 3 2 0 1 1 2 2 3 3 2 3 3 0 1 3 3 2 2 0 2 3 3 1 0 2 0 
2 0 3 2 0 0 2 0 2 0 3 3 3 3 2 3 0 3 2 2 1 1 0 0 1 2 0 2 0 3 3 2 1 1 3 0 2 2 2 3 
3 0 3 3 2 0 1 2 3 2 0 0 3 3 0 2 2 2 1 2 1 3 0 1 0 3 3 2 2 3 3 0 2 2 2 2 0 3 0 0 
1 2 0 2 3 3 3 2 0 3 3 0 0 0 3 3 1 0 2 2 3 0 3 1 1 0 3 3 2 3 2 3 0 3 3 2 3 1 2 2 
3 2 1 1 0 1 3 1 0 2 1 2 3 0 1 2 0 2 1 0 2 2 2 2 1 3 2 1 1 2 1 0 1 0 0 1 1 1 0 3 
2 0 3 1 3 3 1 2 0 3 1 3 0 2 3 2 0 0 0 3 0 2 2 1 2 3 1 3 1 0 2 0 1 1 0 0 3 0 1 2 
1 2 2 3 0 3 2 1 1 0 2 1 1 0 0 3 2 2 0 0 3 2 3 3 3 3 2 1 0 0 3 3 0 3 3 0 1 2 2 2 
1 3 0 2 0 3 0 2 2 2 2 1 3 3 0 2 3 0 2 3 0 3 3 3 0 0 2 2 2 2 2 3 3 3 1 3 3 2 3 1 
0 1 2 0 2 0 1 2 3 0 2 0 0 3 1 3 2 2 2 3 0 3 2 3 2 0 1 3 3 1 2 0 3 0 0 1 2 1 3 0 
3 3 3 2 1 2 2 3 2 1 3 1 3 0 2 3 3 0 0 2 0 3 3 2 2 2 1 0 0 0 2 3 2 2 1 1 0 0 2 0 
2 0 2 3 3 0 1 3 0 0 3 1 1 0 3 3 1 2 2 2 1 1 3 0 0 3 0 0 0 1 1 0 3 1 0 2 1 3 0 0 
3 3 1 3 2 1 2 2 2 3 1 2 2 2 3 0 3 2 1 0 0 2 2 2 0 2 3 3 2 2 2 2 0 0 1 3 1 1 0 3 
3 3 3 2 1 2 2 3 1 0 3 3 1 1 1 2 2 2 1 3 3 1 0 2 1 3 3 0 1 1 1 0 0 0 2 0 2 1 2 0 
2 0 1 0 0 2 2 2 3 3 1 0 1 2 3 3 3 1 3 3 2 2 0 2 2 1 3 0 0 1 2 3 3 3 1 2 2 1 0 0 
2 3 3 3 0 1 1 3 1 3 1 1 0 2 1 2 2 3 1 3 2 3 0 3 3 2 2 3 1 3 2 2 2 1 2 1 0 1 2 0 
0 1 0 3 3 1 2 1 3 1 3 0 0 1 3 2 1 2 1 0 2 1 3 2 2 1 3 3 3 2 1 1 2 0 2 2 0 1 3 2 
0 0 0 1 3 2 0 2 1 3 1 3 1 2 3 0 3 1 0 2 1 1 1 0 0 3 3 1 0 3 3 3 2 1 1 0 0 2 1 2 
3 2 1 2 3 1 0 1 3 0 3 0 0 2 2 0 3 3 3 2 2 0 2 1 2 2 2 0 2 0 2 3 1 3 1 0 3 3 1 1 
2 3 3 3 3 0 0 2 0 2 3 0 0 0 3 3 2 2 2 1 0 3 1 1 0 2 3 3 0 1 2 3 3 2 2 2 2 2 0 3 
2 2 3 2 2 2 1 
1 19 27 14 18 17 17 21 5 17 3 14 4 2 6 29 31 2 21 33 
3 1 2 0 2 0 3 1 2 1 1 3 1 1 3 0 3 0 2 3 3 2 3 2 3 0 1 2 3 3 3 3 2 2 1 3 0 3 0 0 
3 0 2 0 2 2 1 1 1 3 1 3 2 2 3 3 2 1 1 1 2 1 3 3 0 1 1 3 1 3 3 0 2 1 2 0 2 1 0 1 
2 0 3 3 3 2 1 0 1 2 2 2 0 3 2 2 1 0 2 2 3 3 0 0 2 2 3 2 3 0 1 2 3 1 0 2 0 2 0 3 
1 3 2 2 2 3 1 3 1 2 0 2 1 1 0 1 3 2 2 3 1 2 0 2 0 1 2 3 2 3 0 0 0 2 3 3 1 1 0 3 
2 0 3 0 1 1 0 2 0 3 2 1 1 1 0 2 3 0 3 0 2 2 2 2 1 2 0 3 3 0 3 0 3 2 0 3 2 0 2 1 
1 3 3 1 2 3 1 1 1 0 3 0 0 3 1 2 3 2 2 0 2 2 3 0 2 2 3 3 3 0 2 1 0 1 2 1 1 2 2 3 
0 3 2 1 2 2 1 0 0 1 0 1 3 0 2 1 1 3 2 0 0 0 0 2 0 0 0 2 0 0 2 0 2 0 1 0 0 0 3 0 
1 1 2 2 2 3 3 3 3 1 3 1 3 3 3 3 2 2 3 1 3 2 0 1 2 3 1 0 0 0 1 1 0 0 3 3 3 1 2 1 
0 1 0 3 1 2 2 1 0 2 0 3 2 1 1 2 1 3 1 3 1 2 0 3 3 0 1 0 0 3 0 1 1 3 0 2 1 0 1 1 
0 2 3 2 3 3 2 3 3 3 3 2 3 2 0 3 2 0 2 3 1 3 2 2 3 2 0 3 1 2 0 1 2 2 0 0 2 1 0 1 
0 2 2 2 0 1 1 0 0 1 0 1 3 0 2 3 3 2 2 3 0 0 3 1 0 0 2 0 0 3 0 1 2 1 3 2 0 3 1 1 
3 2 0 0 3 2 3 0 0 0 1 0 3 3 1 0 1 3 3 3 2 0 3 2 0 3 0 0 1 2 1 0 2 0 2 0 3 1 0 0 
2 2 3 0 0 0 3 0 3 3 0 0 3 1 2 2 0 2 0 2 3 1 2 2 0 3 2 1 2 2 1 2 3 2 1 0 2 3 0 0 
0 2 0 3 2 2 0 3 3 3 3 3 1 0 1 2 2 2 0 3 0 1 1 1 0 2 1 3 3 2 2 0 0 3 3 2 2 2 2 1 
3 2 0 3 2 2 3 2 2 1 3 0 3 2 1 0 1 0 1 1 3 0 3 2 0 1 0 1 3 1 2 0 2 3 2 3 1 2 1 2 
0 1 2 1 3 2 0 1 0 0 0 3 1 0 3 3 2 3 3 0 2 2 2 3 3 1 1 2 3 0 0 2 3 1 2 0 1 0 3 0 
3 3 2 1 3 2 0 1 1 3 1 1 0 0 2 3 3 2 2 1 2 2 0 2 3 2 2 1 0 2 0 2 0 3 0 1 1 1 2 3 
2 2 1 3 0 3 2 1 2 2 3 3 2 3 1 0 1 3 3 1 1 2 0 1 1 1 3 2 1 3 3 1 0 2 3 3 1 3 0 2 
0 1 2 0 1 0 1 3 0 0 1 0 0 3 0 3 1 2 0 3 2 0 1 3 1 2 0 0 3 2 0 3 2 2 0 0 1 0 3 3 
3 0 3 1 3 3 3 2 3 1 2 1 3 3 1 0 2 3 1 3 3 1 1 1 3 1 0 1 0 3 3 3 1 2 1 1 3 1 2 3 
1 1 3 2 2 3 2 
12 10 15 0 11 11 15 18 31 0 10 17 30 26 26 12 19 6 26 3 
20 40 7 4 
2 2 3 0 1 1 0 2 1 0 3 0 3 3 1 0 1 2 0 0 0 2 1 1 0 2 0 2 2 2 2 2 1 3 1 2 1 1 1 1 
0 0 1 2 2 1 3 2 0 3 3 0 3 3 3 0 2 0 0 3 1 3 1 2 1 3 2 3 3 2 0 0 0 3 2 3 2 0 3 3 
1 0 3 1 1 0 0 0 0 0 3 2 0 1 2 3 0 0 0 3 3 1 2 1 3 3 1 1 1 2 2 2 3 2 1 2 3 3 0 3 
2 1 1 3 3 3 1 1 0 0 0 0 3 0 1 1 3 2 0 3 1 1 2 3 1 2 0 3 1 2 0 2 0 2 0 2 2 1 1 2 
0 3 1 0 3 1 0 0 3 2 3 0 0 3 3 0 0 1 2 2 3 2 2 3 3 3 0 3 2 2 2 0 0 0 3 2 2 1 0 3 
0 1 1 3 3 2 0 3 2 2 0 1 0 0 0 2 0 0 0 3 1 3 2 2 1 1 0 0 2 1 0 1 2 2 2 0 2 1 1 2 
1 3 2 0 2 1 2 0 0 1 1 2 3 0 2 3 1 2 1 3 0 1 0 1 3 3 2 0 3 1 2 2 1 1 0 1 1 1 3 2 
0 0 2 1 2 2 2 0 1 0 0 2 2 3 2 1 0 3 1 2 2 2 1 1 2 2 2 2 0 1 2 0 3 0 3 0 0 1 1 1 
2 2 1 1 2 3 1 1 3 1 1 2 0 3 0 0 0 2 3 2 1 3 2 0 3 0 2 2 2 2 3 3 2 1 2 3 2 0 2 1 
1 1 0 0 1 2 2 0 0 2 0 3 3 3 0 2 0 1 3 0 0 2 1 2 0 1 2 0 0 2 1 1 0 1 0 1 0 0 3 3 
0 0 3 0 2 3 3 1 2 1 0 1 2 0 2 2 1 2 3 2 0 2 2 0 3 0 0 1 1 3 0 1 2 2 1 1 2 1 2 1 
2 3 3 0 1 2 0 0 1 2 3 2 2 3 3 0 2 2 2 0 2 1 2 3 0 1 2 2 1 2 0 2 1 2 0 1 2 3 2 1 
2 2 1 2 0 3 0 0 1 0 3 0 0 1 0 3 0 1 2 3 0 3 0 3 0 0 1 3 0 0 3 1 3 1 1 3 1 2 2 2 
0 1 0 1 2 2 3 1 1 1 0 2 1 1 2 3 2 3 2 2 2 1 0 3 1 3 0 0 0 0 2 2 3 2 0 2 0 2 2 2 
1 3 0 0 2 3 1 0 0 2 2 3 1 1 3 3 0 2 1 2 3 1 2 3 2 0 2 3 1 1 1 3 0 0 2 3 3 3 1 0 
2 2 0 3 1 0 3 2 3 3 2 2 0 0 2 0 0 0 1 1 0 2 3 0 1 1 0 2 2 3 0 1 2 2 2 1 0 1 2 1 
1 1 3 0 1 1 2 0 1 2 3 3 0 2 3 1 0 1 2 2 2 0 0 3 2 3 3 1 1 1 3 3 1 3 1 3 1 2 1 3 
1 2 1 3 3 0 2 0 3 2 1 2 1 2 2 3 3 1 2 2 3 0 0 0 2 2 3 2 0 0 1 3 1 1 0 0 1 2 1 0 
0 1 2 1 0 2 1 3 3 1 2 3 2 1 2 1 1 3 1 3 0 0 1 2 1 2 3 2 1 1 1 1 0 1 2 1 0 0 2 1 
2 2 1 2 2 3 1 2 0 0 3 0 3 0 3 2 3 0 2 0 0 0 0 1 2 3 1 0 3 0 0 2 0 1 0 1 1 3 1 3 
2 0 0 3 1 3 2 
10 1 22 7 9 28 19 5 26 8 21 17 5 14 32 27 30 6 12 11 
2 2 3 2 3 1 2 0 3 1 1 2 3 1 0 2 2 3 1 3 0 3 2 1 1 1 3 1 2 1 0 2 0 3 1 0 2 2 1 3 
2 2 0 0 1 2 3 1 2 3 3 0 2 2 0 3 0 3 1 1 3 1 0 1 2 0 3 1 3 1 3 3 3 0 1 0 0 3 1 2 
3 1 2 2 0 2 0 1 2 0 3 3 2 1 3 3 0 3 0 1 3 3 0 1 1 1 1 1 2 1 2 2 2 1 3 2 0 0 1 3 
2 0 3 0 1 2 0 1 3 1 0 2 1 0 1 3 1 0 3 3 3 1 3 0 0 0 2 2 0 2 0 3 2 2 1 0 2 1 1 0 
0 0 0 1 2 2 3 3 3 1 0 2 3 2 1 1 3 0 0 0 1 2 2 2 1 1 2 3 1 0 1 1 3 0 1 1 0 2 2 1 
2 0 0 0 0 2 3 1 1 2 2 2 3 2 3 2 2 3 1 3 0 3 2 2 0 1 2 2 1 0 1 3 3 2 3 1 3 2 3 1 
2 0 2 0 2 0 1 1 1 2 1 2 2 1 1 1 2 0 3 1 0 2 0 3 1 1 2 3 0 3 1 3 3 2 2 1 1 2 1 3 
3 1 2 0 3 0 1 0 0 1 2 0 3 1 0 0 2 3 3 0 2 1 2 2 3 3 1 3 1 0 0 1 2 1 3 1 2 3 1 2 
0 0 1 3 0 2 0 2 2 1 2 2 3 0 1 1 0 1 1 1 0 1 0 0 0 3 2 2 2 0 0 0 2 3 2 2 3 3 2 2 
1 0 2 3 2 0 3 1 1 1 1 0 1 3 3 3 3 0 2 1 1 3 3 1 0 1 0 2 2 2 2 2 3 3 1 3 0 3 3 2 
2 1 3 0 0 3 1 1 1 2 2 2 3 1 3 3 2 3 1 2 3 2 3 0 1 3 1 3 2 2 1 3 2 2 1 1 0 0 0 2 
3 0 0 1 2 2 2 0 2 3 1 3 3 0 1 3 0 3 2 1 1 3 0 0 3 2 0 0 0 1 3 1 3 2 0 2 2 0 1 3 
3 0 0 3 1 0 2 3 1 3 3 1 1 2 3 3 3 0 1 2 0 1 2 3 2 2 1 1 2 1 3 1 0 3 3 3 3 3 3 1 
3 3 0 0 2 1 2 3 3 0 2 3 1 0 1 3 3 2 3 0 2 2 1 3 3 2 1 2 1 2 3 2 0 2 1 3 1 3 3 3 
2 2 0 1 3 0 2 3 0 2 1 0 0 1 1 1 2 0 2 1 2 0 3 1 2 2 0 1 1 1 2 0 3 0 0 0 0 2 3 1 
2 0 2 2 3 0 3 3 1 1 0 0 1 1 0 1 0 1 3 3 1 0 1 1 0 0 0 3 3 3 0 2 0 3 1 1 2 3 3 1 
1 0 3 0 1 2 0 2 1 1 3 1 2 1 0 1 2 1 1 1 0 0 2 1 0 2 2 0 1 1 2 3 3 2 1 3 3 0 1 2 
3 1 3 3 1 3 0 0 0 0 1 2 2 3 3 0 3 1 1 0 3 2 3 1 2 1 1 2 2 3 0 0 1 0 2 1 0 2 1 1 
0 1 0 2 2 0 3 0 0 2 2 1 0 3 0 3 1 3 2 1 3 1 2 1 3 0 3 1 1 1 1 0 1 0 3 3 1 3 1 1 
1 3 2 2 2 1 2 3 3 3 1 2 0 0 1 3 0 3 1 2 1 3 2 3 0 3 0 3 1 1 2 2 3 0 2 2 3 2 1 0 
0 3 2 1 3 1 1 
29 11 19 18 2 3 3 20 16 31 13 11 33 29 18 10 24 20 2 17 
3 1 0 3 2 3 3 2 3 2 3 1 1 1 2 0 2 3 0 2 0 1 1 0 0 0 0 0 3 1 2 1 3 2 1 1 2 1 3 1 
0 1 3 1 3 2 3 3 1 1 2 1 3 2 2 0 0 3 2 0 3 2 1 0 2 0 1 2 0 1 0 0 1 1 3 3 0 1 3 3 
3 0 3 0 2 0 0 1 1 0 3 1 3 3 1 2 0 3 2 1 2 1 0 0 3 0 1 3 3 3 2 3 0 2 3 3 0 3 0 0 
3 2 2 0 2 0 3 3 3 3 0 2 2 0 3 1 3 1 0 0 2 0 2 1 1 0 0 2 3 3 2 0 0 1 0 2 1 0 0 0 
3 0 0 1 3 1 1 0 2 2 0 0 3 2 3 2 2 1 3 0 3 0 1 3 1 3 2 1 1 2 1 2 1 1 0 2 1 3 2 3 
1 1 2 1 3 0 0 3 0 0 0 3 1 0 2 3 2 3 3 0 0 3 2 0 3 2 1 1 2 2 1 2 0 2 3 2 1 2 1 2 
2 3 0 3 1 0 1 2 2 2 0 1 1 1 1 1 3 1 2 0 3 0 3 0 0 3 3 2 0 1 0 1 3 1 0 0 2 0 0 0 
3 0 0 0 0 0 0 1 1 1 3 0 2 3 3 3 2 1 0 2 3 2 3 2 1 0 3 1 2 3 3 2 1 0 1 3 2 2 3 2 
0 0 0 1 1 2 0 3 2 1 0 2 0 2 0 1 1 0 3 2 2 3 1 3 2 2 3 1 3 0 3 0 2 3 2 2 2 3 3 0 
3 3 1 1 3 0 1 0 0 0 1 3 3 0 2 0 1 0 1 2 2 2 1 0 0 3 1 0 1 1 1 2 1 1 2 2 1 1 3 3 
0 3 2 2 2 2 2 0 0 1 3 0 3 0 2 0 1 3 1 3 1 2 1 1 0 2 1 1 3 2 1 2 3 2 1 2 2 0 1 2 
0 2 1 0 1 2 1 0 3 1 2 2 0 1 0 3 2 1 0 2 3 0 3 1 0 0 3 3 0 2 0 3 2 2 0 1 1 1 3 1 
3 0 0 2 3 3 2 3 3 3 2 3 2 3 1 3 3 0 1 3 1 2 3 2 3 1 3 2 0 1 2 1 2 2 2 0 3 0 2 3 
1 1 0 0 0 3 3 0 2 2 1 3 2 2 1 3 1 2 2 1 2 3 0 1 3 3 3 0 0 0 1 0 2 0 3 3 2 0 3 0 
3 2 0 1 0 0 1 0 3 1 0 2 3 1 2 2 1 0 2 0 2 2 3 3 2 1 1 0 0 2 3 3 2 2 1 3 1 3 2 2 
3 1 0 3 3 1 0 3 1 2 3 2 1 0 3 2 3 1 1 0 1 3 0 0 2 0 2 2 3 2 1 1 1 2 0 3 2 3 2 3 
1 3 2 3 3 0 3 0 3 3 3 2 2 1 1 2 3 3 3 2 1 3 1 2 3 1 0 1 2 2 0 2 1 0 0 1 3 3 3 2 
1 3 0 1 1 1 1 1 0 1 1 2 1 2 0 2 1 0 3 1 3 2 0 1 3 1 2 1 3 1 0 3 0 2 2 2 2 0 2 3 
3 0 2 2 2 1 0 2 2 1 3 0 2 1 2 2 0 1 2 0 0 2 0 0 2 0 2 2 3 0 2 2 3 0 2 0 3 0 3 1 
0 2 2 3 1 0 2 1 3 3 2 2 2 2 2 1 3 3 1 0 1 1 2 2 0 0 0 3 1 0 2 2 3 3 1 3 2 2 2 3 
2 0 0 2 1 1 2 
27 27 21 29 10 33 33 23 10 22 29 2 24 9 32 23 31 0 5 17 
2 2 3 2 1 3 3 2 2 0 0 2 2 1 3 2 3 0 0 3 3 0 1 0 2 3 0 1 1 1 3 2 0 2 3 1 0 0 0 3 
2 1 3 3 0 1 0 0 1 2 3 2 1 2 0 0 2 1 3 1 3 3 0 3 2 2 2 2 1 3 0 0 3 0 1 0 1 1 1 1 
1 3 2 3 0 1 0 0 3 1 2 0 3 1 3 3 1 2 2 0 2 3 3 1 3 0 2 1 2 0 0 0 1 3 0 3 2 1 0 1 
2 3 0 1 2 0 2 1 3 2 3 0 3 3 3 3 3 3 1 1 3 2 1 2 1 0 1 1 3 3 2 2 0 3 1 1 1 1 2 0 
2 2 1 0 2 1 0 2 0 3 1 0 0 2 0 2 2 3 1 2 0 0 2 2 1 3 0 0 3 2 3 2 2 3 1 3 1 3 3 0 
2 2 1 2 0 1 2 2 2 3 0 2 3 0 1 1 3 0 3 0 0 3 3 0 2 0 3 0 0 1 3 3 0 2 3 2 2 2 0 1 
3 3 2 1 3 0 3 1 3 0 0 2 1 2 1 1 2 2 0 3 1 2 0 3 3 3 1 1 0 1 3 1 0 1 0 0 2 2 2 3 
1 1 2 2 2 3 2 0 2 3 1 1 1 0 3 1 0 2 2 3 1 3 0 2 2 3 2 0 1 2 1 1 2 1 1 1 3 2 0 3 
3 1 3 2 2 2 1 1 1 2 2 2 1 2 1 0 3 3 0 2 1 0 1 2 3 2 2 2 3 3 2 3 0 1 2 2 3 3 3 3 
2 3 2 3 3 1 1 3 2 0 2 1 3 1 2 1 1 3 3 1 0 3 2 1 2 0 2 1 0 0 3 2 3 2 0 2 0 2 0 3 
3 3 2 2 3 3 2 1 3 0 0 0 3 1 2 2 1 2 0 1 1 0 2 1 2 3 0 0 2 2 2 2 1 1 2 1 0 1 2 2 
3 3 3 0 2 0 0 3 1 3 2 2 3 1 1 3 2 2 2 3 1 2 3 1 3 2 3 3 2 2 2 3 0 0 0 3 2 0 0 1 
1 2 0 2 1 1 0 3 0 1 3 2 3 3 1 3 0 0 0 0 2 3 0 0 0 2 1 1 3 3 3 3 2 2 3 1 2 1 1 0 
3 1 2 2 1 3 1 1 3 2 0 1 1 1 1 2 3 0 3 0 1 2 1 2 1 2 1 2 1 2 0 2 2 3 2 0 0 1 2 1 
1 1 3 2 0 3 3 3 2 0 3 0 0 3 2 3 0 2 2 0 1 2 1 3 0 2 1 3 0 3 3 1 0 1 1 0 0 1 0 0 
3 2 2 3 0 3 0 1 3 0 1 3 2 2 2 0 3 1 3 0 3 0 2 2 1 0 2 1 1 3 2 3 3 3 1 3 2 2 1 1 
3 3 2 1 0 0 1 1 0 2 3 2 2 0 3 1 3 3 3 3 3 2 3 2 3 2 0 2 1 1 3 3 0 2 3 2 3 3 1 3 
3 0 1 3 3 0 2 0 2 0 3 0 2 2 0 1 0 1 3 3 3 3 1 2 2 0 0 0 3 0 3 2 3 3 2 0 1 1 0 2 
3 1 0 2 0 0 1 3 3 3 0 0 2 1 2 3 1 1 2 3 3 2 2 3 1 3 0 1 1 2 2 2 0 2 0 3 0 3 2 1 
0 3 0 0 1 0 1 1 0 1 1 1 0 1 1 3 3 1 0 1 1 1 1 3 0 0 3 3 1 1 2 2 2 1 3 3 0 3 1 0 
3 1 3 1 3 2 1 
2 2 13 26 17 12 30 5 14 21 29 13 29 3 23 25 32 1 16 14 
1 0 3 3 0 2 3 2 0 2 0 0 2 0 2 0 1 1 2 3 3 1 1 0 2 1 3 2 2 3 1 2 2 0 0 3 0 3 1 1 
2 2 0 2 3 3 1 3 3 1 1 0 1 3 0 1 3 2 2 0 3 3 2 3 0 2 2 3 1 3 3 3 0 2 3 1 0 0 0 1 
3 1 0 1 0 1 0 1 0 0 0 0 1 2 0 3 1 3 0 1 3 1 1 2 0 2 0 3 0 1 3 0 3 1 2 1 0 1 3 3 
1 0 2 2 1 2 0 1 1 0 1 1 2 1 1 2 2 3 1 2 1 0 1 2 2 2 1 0 3 3 3 3 2 3 0 2 1 1 2 2 
2 0 1 3 3 0 3 2 1 0 0 2 2 2 3 1 2 0 2 0 2 0 0 3 2 2 2 3 0 0 0 2 1 2 0 1 2 0 0 2 
2 0 0 2 0 3 0 0 3 1 2 1 2 0 1 1 3 3 1 0 2 2 0 3 0 1 2 3 1 3 3 1 1 3 0 0 0 0 0 3 
2 0 1 1 1 3 2 2 1 2 2 0 2 3 0 0 1 0 3 1 0 0 3 3 3 2 3 1 1 1 1 0 2 2 3 2 1 0 2 1 
1 3 2 2 0 2 1 3 2 1 0 1 2 1 1 0 1 2 1 1 1 2 3 3 2 3 0 3 1 1 3 3 1 3 3 1 1 1 1 3 
1 1 3 1 2 3 3 1 2 1 1 3 2 0 2 1 2 2 0 2 0 0 3 3 0 2 3 1 3 0 0 2 3 0 3 3 3 1 2 0 
1 2 1 2 3 3 0 1 3 0 3 3 1 2 1 1 1 2 2 3 1 2 2 3 1 3 0 1 1 1 3 1 0 3 1 0 0 0 0 0 
2 0 0 2 1 2 2 2 2 2 1 2 3 2 2 1 2 2 3 3 2 3 3 3 0 1 0 1 0 1 3 3 2 0 2 2 2 0 3 0 
0 2 0 3 0 3 2 2 1 2 3 3 1 0 3 1 2 1 3 1 2 0 2 1 3 2 1 2 2 1 1 3 3 2 3 2 3 1 0 3 
3 1 2 2 2 3 1 0 1 2 0 2 3 3 1 2 1 1 1 1 0 3 0 1 0 0 3 2 3 1 2 3 1 1 1 2 3 0 3 3 
3 3 3 3 0 3 0 1 3 0 0 0 3 3 2 0 0 1 2 3 2 0 3 3 0 1 1 0 1 3 2 0 0 0 0 0 1 1 0 1 
0 3 0 2 0 3 0 3 1 1 1 2 2 2 2 3 2 3 0 1 1 2 1 1 2 3 3 0 3 3 2 3 1 0 3 3 3 1 2 3 
2 2 1 1 1 1 0 2 1 1 0 3 2 2 0 2 0 3 3 2 0 3 2 2 1 2 2 3 3 3 3 1 3 2 3 0 1 3 2 2 
3 1 1 1 1 2 0 1 1 2 3 2 0 1 1 3 1 1 0 3 0 0 0 0 1 2 3 1 0 2 0 0 0 1 1 3 0 1 3 2 
3 3 2 3 2 1 3 1 0 0 3 0 0 3 2 0 0 2 1 3 2 0 1 3 1 2 1 3 1 3 2 3 2 2 1 0 0 0 0 3 
2 0 1 3 3 2 3 1 3 3 1 0 1 1 0 3 0 1 3 3 1 3 3 2 1 1 1 0 2 0 0 2 1 2 2 2 3 1 1 3 
2 2 2 3 1 0 1 3 3 3 2 1 3 1 0 3 3 1 0 3 0 2 1 3 3 3 1 0 1 0 2 1 2 0 0 0 1 3 3 1 
1 0 1 3 1 1 0 
0 26 7 20 0 26 19 20 5 5 20 21 28 20 4 29 0 7 24 17 
20 40 7 5 
3 1 1 1 2 1 2 2 0 3 1 2 2 2 1 1 2 2 3 2 2 0 3 0 1 2 2 1 3 1 0 3 0 0 1 2 2 0 0 0 
2 2 1 3 0 1 3 0 2 2 2 2 0 2 2 0 2 2 3 3 1 0 3 3 3 2 3 0 1 2 0 3 2 1 1 0 0 3 1 3 
1 2 2 3 3 1 3 0 1 1 1 1 0 2 0 2 3 2 0 3 3 2 3 1 1 1 3 3 2 1 2 0 0 3 2 2 1 1 3 3 
0 1 3 1 0 1 3 2 0 3 2 2 0 2 0 3 0 0 1 0 3 2 1 0 0 0 0 2 2 2 0 1 3 0 1 1 3 1 0 3 
3 3 3 0 1 2 2 2 0 2 1 3 0 2 2 1 2 0 1 2 0 1 3 1 1 2 1 0 0 0 1 3 1 1 0 0 3 2 0 1 
0 2 2 0 2 0 2 3 3 3 1 3 0 3 1 3 1 2 0 3 1 1 0 0 3 1 1 0 1 2 2 1 0 3 3 2 3 3 2 0 
2 3 2 0 2 3 3 2 1 3 1 0 0 2 2 0 2 2 3 2 1 0 1 0 2 2 2 0 1 2 3 3 0 1 2 3 3 1 2 1 
3 1 0 3 0 1 1 1 2 1 3 2 0 3 3 0 0 2 2 2 3 0 3 3 3 1 1 2 2 2 0 0 3 1 3 1 3 2 0 1 
0 2 0 3 2 1 1 2 3 2 0 2 1 3 1 3 2 0 2 3 0 1 2 2 0 0 3 3 2 1 3 0 1 0 1 0 3 2 2 1 
1 3 2 3 0 1 2 0 1 3 1 2 0 1 2 2 0 3 2 1 2 3 2 3 3 1 3 2 0 1 1 2 0 0 1 0 2 1 0 3 
3 0 0 2 1 2 2 1 0 3 3 1 0 0 0 0 1 1 1 3 1 1 0 0 1 1 2 0 2 1 1 1 0 1 0 1 2 3 0 3 
1 3 2 3 3 3 1 0 1 3 1 2 0 1 2 1 2 2 1 2 3 2 3 3 1 3 3 2 1 1 1 2 1 0 3 3 2 2 1 0 
0 2 1 2 2 1 1 3 2 3 3 0 1 0 3 2 3 0 1 0 1 2 3 1 3 1 1 0 0 0 3 2 3 3 0 3 1 1 2 1 
1 0 3 0 2 3 0 0 1 3 0 2 2 1 0 3 0 3 3 3 2 3 0 1 1 3 1 3 3 3 1 3 3 1 2 1 3 2 0 0 
3 3 2 1 1 0 0 2 1 1 1 0 0 3 3 0 2 0 3 1 2 0 0 3 1 1 0 0 2 0 0 3 1 1 2 0 1 3 0 0 
1 3 0 0 3 1 0 1 3 3 3 1 2 0 2 0 2 1 3 2 3 1 3 2 0 1 1 0 2 2 3 3 2 1 1 2 3 0 2 0 
2 2 2 1 0 1 2 3 0 0 1 3 1 3 0 3 2 0 1 1 3 0 2 2 0 3 1 0 2 1 0 1 3 0 0 2 2 1 1 1 
0 2 3 3 2 1 0 0 1 1 3 0 2 3 2 2 3 0 1 1 3 0 3 0 0 1 1 1 1 2 2 2 0 0 3 2 3 0 2 0 
0 0 3 1 2 1 0 1 2 0 1 2 3 2 3 2 1 2 3 1 2 0 0 0 3 2 2 0 3 0 2 0 3 1 1 2 1 0 3 3 
3 1 1 1 2 3 1 0 2 3 1 0 3 1 0 2 3 2 2 2 1 2 1 0 0 3 3 0 2 2 3 3 2 3 1 0 3 1 1 0 
2 1 3 0 3 1 0 
7 22 20 4 22 32 0 19 16 9 3 16 15 17 12 24 0 32 8 15 
2 1 0 1 2 3 1 2 2 2 3 3 2 0 3 1 2 3 1 3 0 1 1 2 1 0 2 3 3 3 2 1 3 1 2 0 2 1 0 3 
3 0 0 3 2 0 1 2 2 0 3 0 2 1 0 1 3 2 0 1 1 0 3 3 1 2 0 2 1 1 2 1 0 0 1 0 1 0 3 1 
2 3 3 0 0 1 2 1 0 2 0 3 2 2 3 1 0 1 0 3 3 2 0 2 3 1 1 2 2 0 2 1 1 1 0 0 3 0 2 3 
0 0 0 2 2 2 1 0 0 3 3 3 2 1 3 0 0 1 2 2 3 3 3 2 3 3 3 3 2 0 1 1 1 0 2 3 1 0 3 2 
3 0 3 1 1 2 2 0 1 3 1 2 1 2 1 3 2 2 2 0 1 3 2 1 1 0 1 2 0 1 1 3 0 1 0 2 1 0 0 3 
1 2 1 2 3 2 0 2 3 3 3 3 0 2 0 0 3 2 2 2 2 2 0 3 3 0 1 0 1 1 2 1 2 1 0 3 3 0 1 1 
3 3 3 0 3 3 1 1 3 0 2 1 3 2 1 0 3 0 1 3 1 0 1 3 3 3 0 1 1 0 3 3 2 3 0 2 3 3 3 0 
0 2 3 1 2 1 2 2 2 1 3 2 2 0 2 0 0 3 2 0 2 1 3 1 0 0 1 1 2 2 0 1 3 3 1 2 0 1 3 1 
3 1 1 1 1 0 1 1 0 1 2 3 3 2 3 2 1 0 3 0 1 0 2 2 1 2 0 2 3 3 0 3 3 0 0 2 1 1 0 0 
0 2 0 3 0 0 1 2 2 0 1 2 3 1 2 2 0 3 2 2 0 0 3 2 0 3 2 0 1 2 2 3 1 2 3 0 0 3 0 0 
1 2 0 3 2 2 2 0 1 2 1 2 2 1 2 3 3 3 0 1 2 0 3 1 1 1 2 0 3 3 3 0 1 0 1 2 2 2 1 2 
3 3 0 3 3 0 3 1 3 0 3 1 3 1 0 2 1 2 1 2 2 3 2 1 2 2 1 0 2 1 3 3 0 2 1 0 2 3 0 3 
0 0 3 1 3 3 2 0 2 0 0 0 3 1 1 2 2 1 1 2 1 3 1 0 3 3 0 0 2 0 0 1 0 3 2 3 2 0 2 2 
3 1 3 0 2 1 2 1 1 2 1 2 1 1 2 1 0 3 2 3 3 3 0 3 1 3 2 1 2 3 2 3 3 1 2 2 0 0 0 0 
2 0 1 3 2 0 3 3 2 2 1 0 0 1 3 2 0 3 3 0 3 0 2 1 2 2 2 1 0 2 2 3 0 1 3 1 3 1 0 0 
2 1 0 1 0 1 3 2 2 3 3 1 0 2 1 3 0 1 0 1 2 0 3 0 0 2 3 1 2 0 2 3 1 2 0 2 1 1 0 2 
0 3 3 3 3 1 2 1 2 0 3 3 0 3 0 2 2 0 3 3 3 1 0 0 3 0 0 3 3 2 0 3 2 1 1 1 0 0 3 3 
3 3 0 0 2 0 3 2 2 2 3 1 0 3 1 3 1 2 1 0 3 0 2 3 1 3 3 1 2 0 3 3 0 3 0 2 2 2 2 3 
3 2 0 2 2 0 3 1 0 2 2 2 2 1 3 0 3 1 3 3 2 0 0 0 0 3 3 3 1 2 0 2 0 1 0 1 3 2 0 2 
2 3 2 0 2 3 0 3 1 0 2 1 3 3 2 0 0 0 0 3 2 2 0 1 0 0 2 1 1 1 0 0 1 1 1 1 3 1 2 2 
2 0 2 1 3 0 2 
19 0 29 2 18 21 21 5 0 7 33 9 19 7 22 8 0 26 21 12 
1 3 0 2 0 0 1 3 1 3 0 1 3 2 0 0 2 0 3 3 1 0 0 0 0 2 0 2 3 1 2 2 1 1 1 0 3 3 1 2 
1 1 1 0 1 1 1 2 0 2 1 1 2 0 2 0 0 0 1 1 1 0 3 1 1 0 0 0 0 2 1 3 3 3 0 0 1 1 2 1 
2 1 2 2 3 1 2 1 0 0 1 0 3 2 1 2 1 0 2 0 0 2 2 0 2 0 1 2 2 0 1 2 1 3 2 0 0 2 0 1 
1 0 0 0 3 0 2 3 3 1 0 3 0 2 0 1 3 0 0 1 2 2 0 1 2 2 1 2 0 3 3 1 1 0 0 3 2 0 2 0 
3 2 0 2 1 1 3 3 1 3 0 2 3 1 0 1 2 1 1 2 3 1 3 0 0 1 3 1 2 3 2 2 3 0 2 1 0 2 2 1 
1 3 3 3 3 1 3 3 1 1 3 1 0 2 3 3 1 2 2 1 2 0 1 2 1 2 3 3 3 2 1 2 0 1 2 1 1 0 1 1 
3 2 0 1 3 2 1 2 1 0 2 2 0 0 3 2 2 1 2 0 1 0 3 3 0 2 3 2 0 1 2 1 0 1 3 2 0 0 3 1 
1 2 2 0 0 3 0 0 0 0 0 2 1 0 1 1 2 3 0 3 0 1 0 0 0 3 0 2 1 2 1 2 1 3 2 0 0 1 2 2 
3 2 2 2 1 0 3 0 1 3 3 1 2 3 3 3 2 0 3 0 2 3 2 0 3 2 1 0 3 0 1 0 3 3 3 0 1 0 1 1 
3 3 2 0 1 3 2 1 2 0 0 3 1 3 2 2 0 1 1 2 3 2 3 1 3 2 0 1 2 2 3 2 0 1 0 1 3 3 0 3 
2 3 3 2 0 0 3 0 2 3 2 2 3 3 2 2 2 1 0 2 3 0 2 0 1 1 0 1 2 1 0 3 1 1 2 1 1 2 2 1 
2 3 1 0 3 3 2 1 3 1 3 1 2 1 0 1 0 2 3 1 2 1 2 3 3 3 0 1 0 3 3 0 0 3 2 0 3 2 1 1 
1 3 0 3 2 0 1 0 0 0 1 1 3 1 2 3 0 3 3 0 0 1 0 0 0 0 2 2 0 2 3 2 1 0 0 2 0 2 2 3 
1 3 0 1 0 1 2 1 2 3 3 2 2 0 1 1 2 2 3 2 0 2 3 1 3 3 2 3 2 0 2 2 3 0 1 0 3 3 0 3 
3 1 1 2 3 3 3 1 3 0 2 1 1 3 3 1 0 3 2 2 0 3 3 0 0 3 0 3 2 3 2 1 3 3 2 2 3 3 2 0 
1 1 2 1 3 2 3 3 2 2 0 3 0 2 2 3 0 3 3 2 0 2 0 2 0 0 1 2 1 1 0 1 2 0 3 0 1 1 1 1 
1 0 2 2 3 2 3 1 3 2 0 0 0 3 1 0 0 0 0 3 2 0 1 3 3 1 1 3 1 0 3 0 2 2 1 2 2 1 2 1 
2 1 1 1 1 0 2 0 2 3 1 2 2 0 3 2 2 1 3 0 1 3 2 3 3 1 2 3 2 1 3 3 3 1 1 0 0 2 2 0 
3 3 1 1 0 3 3 3 2 1 3 0 0 2 1 0 3 2 1 2 1 1 2 3 3 1 2 3 0 2 1 2 3 3 3 0 1 2 2 2 
0 3 2 0 0 1 1 0 1 2 3 2 3 1 1 1 3 2 2 3 1 1 0 3 1 1 1 0 0 0 2 1 1 1 2 3 1 2 3 1 
3 1 0 1 3 0 1 
26 0 8 13 20 33 17 6 17 29 31 20 23 24 11 18 9 9 29 33 
0 0 3 3 1 0 1 2 0 1 3 2 2 2 1 0 0 2 3 0 0 2 0 0 1 2 2 2 2 3 1 2 0 0 0 3 3 0 2 2 
0 0 0 1 0 3 0 1 1 2 3 2 1 3 3 1 0 1 2 1 0 2 1 3 2 2 2 0 2 3 3 1 2 2 2 2 0 2 1 2 
2 1 2 2 3 2 1 1 3 1 1 1 1 0 3 0 3 1 3 0 3 3 3 2 2 2 2 0 3 0 2 2 0 1 1 1 3 3 0 0 
0 3 0 0 3 0 1 0 3 2 1 0 1 2 1 1 1 0 3 2 1 0 3 2 0 3 2 2 3 1 2 2 0 1 1 2 2 0 2 1 
3 1 2 1 2 0 2 3 2 2 3 1 2 2 0 1 1 3 3 3 2 0 1 1 2 2 1 2 3 3 3 0 1 0 0 3 3 3 0 2 
1 0 1 2 1 0 2 2 0 3 2 2 3 2 2 2 2 2 1 0 1 2 2 2 3 0 0 3 0 2 3 3 1 3 0 2 3 0 1 1 
3 1 3 2 3 3 2 3 1 3 0 0 0 2 2 1 3 0 2 0 0 3 3 2 0 0 1 1 1 2 2 1 0 0 0 2 3 0 1 1 
2 0 1 3 0 0 2 1 2 2 2 2 0 2 1 0 0 1 3 0 1 1 0 0 0 0 2 3 0 1 1 0 3 0 3 2 3 3 2 1 
3 0 1 0 3 0 0 3 3 3 0 3 0 1 3 2 2 3 3 3 2 1 3 2 0 2 0 2 0 1 0 1 1 1 1 1 1 2 2 3 
1 1 1 3 1 2 3 3 2 2 1 3 3 1 1 1 3 3 1 1 2 2 1 3 3 2 2 1 2 1 0 0 1 1 3 3 3 0 0 3 
3 0 1 1 2 0 0 1 3 2 0 0 2 3 3 0 0 1 3 3 2 0 2 2 2 1 1 3 0 1 3 0 2 0 3 3 0 0 2 3 
0 3 2 3 0 1 2 3 2 1 0 2 0 1 1 1 3 2 1 0 2 0 2 1 3 2 1 0 2 3 1 3 1 0 1 1 2 1 2 3 
2 1 2 0 2 1 1 0 2 3 2 0 2 0 0 2 2 3 0 0 3 3 0 1 1 1 2 0 3 1 0 2 3 0 0 0 2 2 1 0 
0 1 3 1 2 1 0 1 0 1 0 1 3 1 1 3 3 3 1 3 0 2 3 2 2 0 1 0 3 3 3 3 3 3 0 3 2 0 3 2 
3 3 2 3 0 3 2 0 2 2 0 2 0 0 3 1 2 3 2 3 1 3 0 0 3 1 1 1 3 2 3 3 3 3 1 2 3 2 1 2 
3 2 0 1 3 0 3 3 1 0 0 0 2 0 3 3 2 3 2 1 3 0 3 0 1 1 1 3 0 0 0 0 2 1 3 1 1 3 1 0 
2 2 3 0 3 2 0 0 1 0 2 3 2 3 2 1 2 3 0 2 1 2 2 1 0 2 1 1 0 3 3 3 3 0 1 0 3 2 1 2 
3 3 3 1 1 0 2 0 3 2 3 1 0 1 1 1 1 3 0 0 3 3 1 1 1 1 0 2 0 0 2 0 2 1 3 0 0 3 3 3 
2 3 0 3 1 3 1 3 1 2 0 1 0 1 1 3 1 2 1 2 3 2 1 1 1 2 3 2 1 3 1 0 2 3 2 0 1 0 0 0 
0 3 0 2 1 2 3 0 1 2 0 0 0 2 0 0 3 2 1 2 2 1 1 0 2 1 1 1 2 0 2 0 1 0 0 3 2 3 2 1 
0 0 1 2 3 2 2 
16 23 33 2 22 30 29 8 18 16 33 22 31 27 4 2 25 26 21 24 
2 0 3 0 2 2 0 1 0 2 3 2 3 2 3 2 2 2 1 1 2 1 0 2 2 1 0 2 0 1 1 1 0 0 1 2 3 0 0 2 
0 0 1 2 1 3 3 3 3 3 1 0 3 2 3 0 1 1 3 3 1 3 0 0 3 2 0 1 0 0 2 1 1 3 3 1 1 0 0 3 
0 1 3 2 1 1 0 2 2 1 2 2 3 2 1 1 0 0 3 3 2 3 1 3 0 2 1 1 0 2 1 0 1 2 1 0 1 3 2 2 
1 3 1 0 2 3 3 1 2 0 3 3 2 2 0 1 2 1 3 2 2 3 1 0 0 2 3 2 1 1 2 1 0 3 2 2 3 3 2 3 
3 3 0 1 0 3 3 0 0 0 3 2 3 3 3 0 2 1 3 3 3 1 1 2 2 0 3 1 2 0 0 1 3 2 3 3 2 0 2 3 
0 3 3 2 0 0 0 1 1 3 3 3 1 3 1 2 3 0 1 1 2 2 2 3 1 2 1 0 0 3 2 1 3 3 0 2 0 3 1 0 
1 3 1 1 0 0 3 0 0 1 3 1 0 2 1 1 3 0 3 3 0 2 2 0 0 3 0 0 1 0 3 0 3 3 2 3 3 1 0 0 
2 1 0 1 3 3 3 1 0 1 1 2 3 1 3 1 1 2 2 1 0 3 0 3 0 2 1 1 3 0 1 1 0 2 2 2 2 1 3 1 
0 1 1 1 1 0 1 3 1 3 3 2 1 1 2 2 2 0 2 1 2 3 0 3 2 3 3 1 0 2 1 0 2 0 0 1 0 0 3 1 
2 3 0 2 2 1 0 1 3 0 3 0 0 1 2 1 1 1 0 0 1 3 3 1 0 3 3 2 1 3 2 0 1 1 2 1 0 1 3 2 
2 1 1 3 0 0 1 0 0 1 0 2 0 2 1 3 3 3 3 2 2 3 3 1 3 2 2 2 0 1 0 2 0 2 1 1 0 2 0 3 
2 1 3 2 2 3 1 1 2 1 2 2 1 3 1 1 0 3 1 0 3 1 0 1 0 1 1 1 2 0 2 2 2 0 2 0 3 2 2 1 
1 1 3 1 2 0 0 3 0 1 3 1 1 2 3 0 3 2 0 0 3 3 0 2 3 0 2 2 1 1 3 3 2 3 2 0 2 1 2 1 
1 0 2 2 2 2 2 3 0 0 0 1 1 2 2 0 1 1 0 1 0 2 3 1 0 1 2 3 3 1 3 2 1 1 0 2 1 1 1 1 
3 0 1 1 2 0 2 1 0 2 2 3 3 2 1 3 2 0 2 1 3 1 2 0 1 1 1 3 3 0 2 0 3 2 2 3 3 1 1 0 
1 2 3 1 3 3 1 1 2 3 3 1 1 1 1 1 3 3 3 2 0 1 1 1 0 2 1 0 0 0 2 2 2 3 1 1 1 1 0 1 
2 1 0 0 1 1 2 0 2 1 3 2 0 2 2 1 0 2 1 1 3 2 2 1 3 0 2 1 0 0 3 1 3 0 2 1 1 0 3 2 
3 3 0 0 0 1 3 2 3 0 3 0 1 1 1 1 1 3 0 1 0 0 2 3 1 3 3 3 3 1 0 1 2 2 3 2 0 2 1 3 
3 1 2 1 2 1 3 0 0 1 3 0 3 2 2 0 0 0 3 0 3 0 2 1 0 1 1 2 1 3 0 1 3 2 1 2 2 3 1 3 
3 1 3 2 0 0 0 1 3 3 3 1 1 1 2 2 3 0 3 0 1 2 1 1 1 1 3 2 1 2 2 1 1 3 0 3 2 3 0 3 
1 0 3 1 2 0 2 
9 14 32 16 7 27 33 29 19 32 13 30 8 7 2 27 23 24 30 28 
20 40 7 6 
3 0 2 0 0 0 1 3 3 1 3 2 3 2 0 0 2 1 0 0 3 3 2 0 1 0 3 3 1 3 3 2 1 1 0 0 0 0 3 0 
1 0 3 2 3 0 2 3 2 3 3 2 2 3 1 1 3 2 3 3 3 3 1 0 0 0 2 3 1 2 3 1 3 3 2 3 0 2 1 2 
0 0 0 3 0 0 3 3 1 1 1 2 0 1 1 0 2 3 1 0 3 1 3 1 2 1 1 3 1 1 1 1 3 3 0 0 3 2 3 3 
0 0 1 2 3 2 2 3 2 1 3 3 1 0 2 0 0 1 1 0 3 0 2 3 0 2 2 2 1 0 3 3 1 0 0 2 1 3 0 0 
0 1 3 1 1 0 3 2 3 1 3 2 2 2 3 2 3 0 1 2 2 0 3 1 0 1 2 0 1 0 0 1 0 0 0 2 1 1 3 1 
3 3 3 1 1 1 0 1 3 0 3 2 2 1 0 2 0 2 0 2 3 3 1 3 1 2 1 0 2 2 2 0 3 1 0 2 0 1 3 2 
3 3 2 0 1 1 1 0 0 3 1 0 3 1 3 0 2 0 0 0 3 1 0 1 1 1 2 1 2 0 2 1 2 1 1 0 2 2 0 1 
0 3 2 3 2 2 0 2 1 3 3 1 2 3 1 1 3 3 2 0 2 3 3 3 0 1 3 1 3 2 3 1 3 2 3 2 1 1 1 0 
1 0 3 1 3 3 3 0 2 1 3 0 1 1 3 1 3 2 2 3 1 0 3 3 3 2 2 3 2 0 3 3 0 1 3 0 0 0 1 1 
2 0 1 3 0 1 1 2 2 0 3 0 2 0 0 1 0 2 2 3 0 3 3 0 3 1 1 1 3 2 1 2 0 3 1 1 1 3 0 2 
3 1 2 0 1 0 3 3 0 2 0 1 3 0 3 1 1 1 1 2 0 1 3 0 1 2 2 2 3 2 2 2 0 3 2 1 0 0 1 1 
3 2 2 2 1 2 3 1 1 0 0 2 2 2 1 2 1 2 0 1 1 3 3 2 1 1 3 3 1 3 2 1 0 3 3 0 1 3 1 2 
3 3 1 2 1 2 1 2 0 2 2 2 3 1 0 2 2 2 0 1 1 1 0 2 1 1 3 0 1 0 0 0 1 1 2 1 3 1 3 3 
3 1 2 2 1 0 0 0 2 3 0 2 0 0 1 1 2 0 2 0 3 0 2 3 2 0 3 1 1 0 0 3 3 1 2 3 2 2 3 1 
0 0 3 2 2 1 0 2 3 0 3 3 1 2 0 3 2 3 1 3 3 1 0 2 2 3 0 2 1 1 1 3 0 1 0 2 0 0 3 3 
0 3 2 2 2 1 2 3 0 2 3 1 0 1 1 0 2 2 3 2 2 1 3 3 2 1 3 1 1 2 1 2 2 0 0 3 0 3 2 2 
3 1 3 0 1 0 1 0 3 3 3 1 0 1 0 1 2 0 2 0 0 2 1 0 3 0 3 2 2 0 1 3 3 2 3 1 3 0 1 3 
1 2 3 2 1 0 2 0 0 3 0 2 1 1 0 3 3 2 2 0 3 2 0 2 1 2 0 1 3 3 3 0 0 0 0 0 1 0 3 1 
2 0 1 2 3 2 2 1 1 3 3 1 1 2 2 3 1 3 1 2 1 1 1 3 3 2 1 2 2 3 3 3 2 3 2 1 2 2 3 3 
0 2 2 0 3 1 3 1 1 1 1 1 1 1 0 1 1 2 2 2 1 1 2 1 3 3 2 3 0 1 3 0 3 2 2 1 2 2 3 3 
2 0 0 3 1 0 1 
21 20 18 23 4 27 24 12 29 28 22 9 18 15 26 11 17 28 19 16 
2 1 0 2 1 3 1 1 2 3 1 1 0 3 0 3 0 2 0 0 2 2 2 3 2 2 2 0 3 0 0 1 0 3 0 2 1 2 2 1 
0 2 2 1 1 3 2 0 0 0 1 2 0 1 1 0 2 1 2 2 2 2 3 0 1 0 1 3 0 3 0 2 3 1 3 1 2 2 1 1 
1 0 3 0 1 0 1 3 3 1 2 3 2 0 0 2 1 1 3 0 0 2 1 3 3 1 1 1 3 2 3 0 1 2 0 3 3 1 2 1 
1 1 3 0 2 2 0 0 2 2 0 0 0 0 0 1 0 2 2 1 1 1 0 0 0 2 2 2 3 1 3 1 2 2 2 1 3 0 1 3 
1 3 2 1 2 2 3 1 3 0 0 1 3 3 3 0 0 3 1 3 2 0 1 1 1 2 1 2 0 2 1 3 2 2 3 0 0 3 3 1 
1 3 1 3 3 3 3 0 2 1 2 0 0 0 3 3 2 3 1 1 1 3 2 1 0 1 1 2 1 1 2 1 2 3 3 0 3 1 3 2 
3 2 2 1 1 1 2 3 0 2 2 3 2 3 2 0 3 3 2 3 1 3 0 2 3 1 1 3 1 3 2 3 3 2 0 0 3 0 0 3 
1 3 0 0 1 0 3 1 0 2 0 0 2 3 2 3 1 3 2 1 2 3 3 1 2 3 0 2 0 1 0 1 1 3 0 2 1 2 1 0 
2 3 3 2 2 1 2 2 0 0 0 2 1 0 3 3 3 3 0 3 1 0 2 0 2 1 1 3 0 1 3 2 1 0 1 1 0 2 0 0 
0 0 3 0 3 0 2 2 2 1 3 0 0 0 3 1 1 1 2 1 1 1 0 2 2 2 0 3 0 3 0 3 3 3 3 3 0 1 1 0 
1 2 1 1 3 3 1 3 1 2 2 1 1 2 1 3 3 2 1 2 3 0 0 0 1 2 0 3 2 0 3 1 1 1 0 1 3 1 2 2 
2 3 3 1 2 1 2 3 2 3 1 2 3 2 3 1 1 3 1 0 1 2 1 0 0 3 2 3 2 1 2 3 1 1 2 1 0 2 0 3 
1 2 1 0 1 2 0 3 1 2 3 2 1 0 0 0 0 0 3 3 2 0 1 3 2 3 1 0 2 2 1 0 0 2 3 3 0 0 0 2 
3 2 1 3 0 3 3 1 3 3 3 1 2 0 1 0 3 3 1 2 0 3 2 3 0 3 0 1 0 3 3 0 3 0 2 0 3 2 0 0 
3 0 3 1 2 3 3 2 0 3 1 1 2 2 1 0 2 1 2 3 2 3 0 3 1 3 0 1 2 2 0 1 3 3 0 2 2 1 1 2 
3 1 1 1 1 2 0 0 3 1 2 0 0 3 3 0 3 2 3 3 1 1 1 1 0 2 0 2 1 3 2 2 3 0 0 2 1 0 1 2 
2 3 0 0 2 3 3 2 2 1 1 2 1 3 2 2 1 2 0 0 2 1 0 1 3 2 2 3 1 3 3 0 1 2 1 3 0 2 0 2 
1 2 0 0 2 3 3 0 3 3 1 0 2 0 2 0 3 0 2 2 1 0 3 1 3 3 2 0 1 2 2 1 3 3 0 1 0 3 1 2 
3 2 1 3 1 2 3 1 3 3 1 2 3 2 3 0 1 2 1 1 2 0 3 3 1 2 0 1 1 3 3 2 2 1 2 2 1 3 0 3 
0 3 1 0 3 1 2 0 3 0 3 2 3 0 1 3 0 2 3 3 1 0 2 1 3 1 0 0 0 0 2 1 0 2 1 2 2 3 0 1 
3 2 3 1 1 0 0 
29 15 30 30 18 13 14 8 18 4 13 26 30 16 14 33 22 33 28 31 
3 0 1 1 0 3 0 0 3 3 2 1 3 1 2 2 1 0 1 1 0 2 0 3 1 3 0 3 0 3 1 3 3 0 1 0 2 0 3 1 
3 3 0 1 1 3 3 0 2 2 1 1 3 2 1 1 3 2 1 1 1 1 2 3 1 0 1 3 1 2 2 2 1 0 3 3 1 3 3 0 
3 3 1 0 2 2 3 0 3 2 1 3 1 1 3 0 2 3 2 1 0 0 2 2 3 3 1 1 2 3 3 2 2 1 1 1 1 3 2 2 
1 0 2 0 0 1 3 2 3 2 3 2 2 2 2 0 1 2 2 3 3 3 0 3 0 3 0 2 3 0 1 2 0 0 3 2 0 0 3 3 
1 0 3 1 2 3 1 3 2 3 0 0 3 2 2 2 0 2 1 1 3 0 3 0 0 1 2 1 0 3 2 3 1 3 2 0 2 3 3 0 
3 1 3 1 0 3 2 1 3 1 1 1 1 1 1 2 0 0 2 3 2 3 0 2 2 0 2 2 1 0 2 0 2 0 2 1 3 1 0 0 
3 1 0 3 2 1 3 3 2 2 0 0 2 0 2 1 0 1 3 2 3 3 3 3 1 0 2 2 0 1 3 3 3 0 2 2 3 3 0 2 
0 3 3 2 0 1 0 0 2 1 3 0 1 3 1 2 1 0 2 1 3 2 1 2 0 1 2 2 2 2 0 1 0 1 0 2 2 1 2 1 
3 3 1 2 2 1 0 0 1 2 0 0 3 1 0 3 0 3 1 2 2 2 0 1 0 1 2 0 2 2 2 2 1 3 3 1 3 3 0 3 
3 2 2 0 2 0 0 2 1 1 1 3 2 3 0 1 0 0 2 1 3 1 2 0 2 2 0 0 2 2 1 2 0 0 2 0 0 3 3 3 
2 2 2 1 1 2 0 2 0 1 2 1 3 2 3 3 1 2 3 3 2 2 0 1 2 3 1 1 0 1 3 1 1 2 1 1 0 1 0 3 
0 0 0 0 2 2 1 0 1 2 0 2 0 0 3 1 1 0 1 1 3 2 3 0 0 1 0 2 2 1 3 1 2 3 2 0 3 1 2 3 
1 2 2 2 0 0 3 2 2 0 1 2 1 3 0 3 1 1 3 1 2 1 0 3 1 1 1 1 3 1 1 2 1 2 3 2 0 0 3 0 
3 0 0 2 3 1 0 3 3 0 0 0 3 2 2 2 1 2 1 2 1 3 2 1 2 2 0 2 1 0 3 2 1 0 1 1 0 0 2 3 
0 0 3 3 2 2 2 1 3 3 3 0 1 1 3 3 2 0 0 3 0 3 1 1 1 2 1 2 1 0 2 3 2 0 0 3 1 0 2 2 
2 0 0 2 2 3 0 1 1 1 0 1 2 0 2 2 2 0 2 3 2 3 1 0 3 1 1 0 0 0 2 2 2 1 1 3 2 0 0 2 
0 2 0 2 1 3 1 1 0 1 0 2 0 2 1 2 3 0 2 3 2 3 0 1 1 3 1 1 3 0 3 3 3 1 2 0 2 1 3 2 
2 1 1 1 2 0 2 2 3 1 0 2 1 2 1 3 3 3 1 0 0 2 3 1 0 3 3 1 3 3 2 1 1 2 0 1 0 0 2 3 
2 0 2 3 1 1 2 3 2 0 3 0 1 0 1 3 1 3 0 0 0 3 1 3 3 3 1 0 2 0 3 0 3 1 3 3 3 0 1 2 
2 1 1 3 2 2 0 1 3 3 0 2 2 2 2 2 0 3 1 0 0 3 0 1 0 2 1 3 2 2 3 3 3 0 3 0 0 1 1 1 
3 0 0 0 0 2 2 
1 8 27 27 32 23 15 14 18 17 32 30 25 11 7 1 18 27 32 27 
1 2 0 3 0 0 3 2 1 0 1 3 2 1 2 0 1 1 1 3 2 0 3 1 3 2 1 0 0 2 0 2 3 3 2 0 3 3 1 1 
3 1 3 2 2 3 2 2 1 2 0 1 1 0 1 0 3 1 2 2 3 0 2 1 2 2 3 2 2 2 3 0 3 3 3 0 0 2 3 3 
3 2 3 1 1 2 3 3 0 1 2 0 0 1 1 1 3 1 0 1 1 1 2 0 2 0 1 2 3 1 2 2 0 2 0 3 1 1 3 1 
1 2 3 3 2 2 1 0 0 0 1 3 3 0 1 0 2 3 2 1 1 3 0 0 3 1 3 0 0 2 3 3 2 1 2 0 3 1 3 3 
1 1 3 2 2 0 0 3 3 2 0 2 1 3 0 1 0 0 0 1 2 3 2 3 2 2 3 3 3 0 2 0 0 2 0 1 2 2 1 1 
3 2 0 1 3 0 0 2 0 1 3 0 2 2 2 0 2 3 3 2 3 1 2 3 2 0 1 0 0 0 1 0 0 1 3 2 1 1 2 1 
2 3 2 2 3 3 3 1 2 0 1 2 0 1 0 0 0 1 3 0 1 0 0 1 3 0 2 3 2 2 0 1 2 2 1 3 0 3 0 3 
0 3 0 1 0 1 3 1 0 1 0 3 2 1 0 2 0 0 1 2 3 0 1 2 2 2 3 2 2 0 3 0 0 0 3 1 2 3 3 1 
1 2 3 3 0 0 2 3 3 2 2 1 2 2 3 1 3 0 1 2 3 2 0 1 3 2 3 0 0 1 0 2 0 2 3 1 3 1 2 1 
3 1 1 2 0 1 1 3 2 3 2 0 0 2 0 2 1 0 1 3 0 2 2 1 1 1 0 2 2 2 2 2 0 3 1 0 1 2 3 2 
0 1 1 3 0 3 1 3 1 0 1 2 2 3 2 3 1 3 2 3 0 2 2 3 1 3 0 0 1 2 3 1 2 1 3 3 1 0 2 0 
2 0 3 2 2 2 0 1 3 1 2 3 3 0 2 1 2 3 0 0 1 2 3 2 3 1 2 3 0 2 2 2 2 3 2 1 3 0 0 0 
1 0 1 1 0 2 1 3 2 1 0 0 3 3 2 3 2 3 2 2 3 2 0 2 2 3 0 3 3 2 3 3 3 3 3 1 1 3 1 3 
2 3 2 1 1 2 3 1 3 3 1 1 0 2 2 0 2 0 0 2 2 3 0 0 1 2 0 3 2 3 3 0 2 1 2 3 1 2 0 3 
1 3 3 1 1 3 2 2 2 2 2 2 1 0 1 2 1 0 0 0 1 1 2 0 3 2 3 2 0 0 1 0 2 2 2 1 2 3 0 0 
1 2 2 2 0 1 0 3 1 3 1 2 1 0 3 0 2 0 2 3 1 2 2 1 0 0 2 2 2 1 3 0 1 1 0 1 0 0 1 2 
0 0 2 3 0 0 0 0 3 2 1 2 2 0 0 3 2 1 2 2 0 3 3 0 1 0 1 1 0 3 3 2 3 3 3 2 2 1 2 0 
1 1 2 2 3 3 3 0 1 0 0 3 0 0 1 0 3 2 3 0 2 3 0 2 0 3 0 1 2 0 3 2 2 2 1 0 1 1 0 0 
1 1 3 3 0 1 0 1 2 1 0 0 0 0 2 1 3 3 0 0 1 2 3 0 1 1 2 3 3 2 0 3 2 1 0 0 2 0 1 1 
1 1 3 2 2 2 2 1 0 0 0 2 0 0 2 0 0 0 0 2 1 1 0 2 2 1 1 0 0 3 2 3 1 2 2 0 0 0 3 3 
0 1 0 3 1 1 3 
17 15 31 22 21 0 24 19 1 29 22 28 20 19 9 18 11 23 15 14 
3 3 2 1 2 3 0 2 2 2 2 3 3 0 2 1 0 3 0 1 2 3 3 3 0 1 2 1 3 1 1 1 3 3 2 2 0 3 1 3 
1 0 1 2 3 2 3 0 3 2 2 3 0 0 2 3 0 0 1 3 0 3 3 1 2 0 0 3 3 2 3 1 1 0 3 1 3 0 0 1 
1 2 0 0 0 1 2 3 2 0 0 1 0 0 1 2 0 0 3 1 3 0 0 3 3 0 2 1 2 2 2 2 1 1 1 2 3 3 3 3 
1 3 1 0 3 0 3 3 3 1 3 0 0 1 2 2 2 3 3 2 1 1 0 3 3 2 3 1 2 1 1 3 1 3 1 1 0 0 2 0 
0 2 0 1 3 2 3 0 0 0 2 2 2 2 1 3 3 2 2 0 3 2 2 3 1 0 0 2 1 0 2 3 1 0 2 1 0 3 3 2 
3 2 2 3 2 2 2 2 0 2 2 0 0 2 1 1 0 2 1 1 0 0 3 0 0 0 1 1 2 3 3 3 1 2 1 0 3 1 0 1 
1 2 1 0 2 0 2 2 0 0 0 2 1 1 3 1 2 0 0 0 1 1 3 3 2 3 1 0 1 2 2 3 0 2 3 3 1 1 3 1 
1 3 1 2 0 2 1 2 3 0 1 3 2 2 1 0 3 0 3 3 3 2 2 1 1 2 0 2 1 1 2 0 3 0 1 0 3 1 3 2 
3 0 2 2 2 0 0 0 2 0 2 0 1 3 0 1 0 2 3 0 2 1 3 2 2 2 1 0 3 3 0 3 2 3 3 2 1 3 2 0 
2 1 3 1 0 3 3 3 2 2 0 0 3 2 0 3 3 2 1 3 0 0 1 0 1 1 0 1 1 1 0 3 2 3 1 2 0 2 0 0 
0 2 3 1 1 2 1 1 2 0 0 1 1 2 0 2 2 2 3 1 0 2 1 1 0 2 0 0 2 1 3 2 1 0 2 2 0 3 1 2 
2 1 2 1 0 0 2 0 1 3 0 3 2 3 2 2 0 1 2 0 1 1 2 3 1 1 3 2 2 2 3 1 3 3 0 3 1 0 3 1 
2 2 1 0 2 0 3 1 1 2 2 0 0 3 0 1 3 3 1 3 0 3 2 0 3 3 0 0 0 1 0 0 3 1 1 1 1 2 2 1 
1 0 0 3 0 0 0 3 1 1 2 0 3 0 0 3 0 3 1 2 2 1 1 2 0 1 1 2 2 0 0 2 1 0 1 3 2 0 1 3 
3 0 3 3 2 1 1 0 1 3 1 1 3 3 2 0 2 1 3 3 2 0 1 3 2 2 3 3 0 0 2 2 0 3 2 1 0 2 3 2 
0 1 2 2 3 3 3 3 2 3 2 0 2 1 1 2 1 3 2 1 3 1 1 0 3 0 1 2 1 0 2 1 0 3 3 0 3 2 1 3 
0 3 2 3 3 3 0 0 3 1 2 1 1 1 3 0 1 1 2 3 1 2 3 0 1 0 2 0 0 1 0 0 2 2 3 1 3 2 3 2 
1 2 1 3 0 1 3 2 3 3 0 2 0 1 3 3 1 1 1 2 3 0 2 1 3 1 0 3 0 2 0 3 0 0 0 2 1 0 0 0 
3 2 1 2 1 0 3 0 1 1 2 2 3 2 0 2 3 3 0 3 3 1 3 1 1 2 1 2 3 3 2 1 2 3 1 0 0 1 3 0 
3 1 2 1 3 2 0 2 3 0 1 1 2 2 3 0 3 2 0 1 1 3 2 0 3 3 2 3 2 1 1 1 2 3 1 0 2 2 0 2 
3 3 2 1 1 3 3 
4 18 20 29 30 12 27 21 16 9 11 23 2 9 25 29 29 25 7 6 
20 40 7 7 
3 1 3 0 3 1 3 0 2 0 3 0 2 1 2 3 3 1 1 1 0 3 2 1 2 3 0 0 1 3 2 1 1 0 2 2 0 1 3 1 
1 0 3 2 3 2 1 1 0 0 2 2 3 3 1 2 2 0 3 0 1 0 3 0 0 0 3 1 0 2 1 2 0 1 0 1 0 0 2 2 
1 0 1 3 3 3 0 0 1 3 1 0 0 1 2 0 1 2 3 3 1 0 1 3 2 2 1 1 0 0 2 1 3 0 3 0 3 2 3 1 
2 1 0 0 2 0 2 1 1 0 3 3 0 2 1 1 1 2 1 0 0 0 1 2 1 1 3 2 0 3 1 3 0 1 0 3 2 3 2 0 
2 3 0 0 3 0 1 1 2 1 1 3 0 1 0 0 2 1 0 1 2 2 1 3 3 1 3 1 2 1 3 0 1 2 3 2 2 0 2 3 
1 0 2 0 1 2 0 1 1 2 2 1 0 1 2 0 0 0 1 3 2 2 3 2 0 3 1 2 1 2 1 0 1 1 0 0 3 2 1 1 
2 1 3 3 0 0 1 0 0 0 1 1 1 0 1 2 1 2 0 3 2 3 3 1 1 0 3 3 1 3 2 1 2 0 3 0 2 2 0 1 
0 3 2 1 2 2 3 1 0 1 0 2 2 0 0 3 1 3 2 0 3 0 3 2 1 2 3 2 2 2 0 0 3 2 2 0 3 0 0 2 
3 0 3 2 1 3 0 3 0 1 3 3 0 0 0 3 2 0 2 1 3 1 1 0 3 3 2 3 2 0 2 1 0 0 1 2 2 3 0 1 
2 2 0 2 2 1 1 3 2 0 3 0 2 0 2 2 0 1 3 1 0 2 1 2 0 2 1 0 3 3 2 2 2 3 0 0 0 1 0 0 
1 2 0 2 0 1 3 2 3 1 2 1 1 1 3 3 0 3 1 3 0 3 3 2 3 1 3 0 2 0 3 0 2 1 1 0 0 2 1 0 
0 3 1 1 1 2 0 3 3 1 2 0 3 2 3 3 0 0 0 1 3 3 0 3 3 0 1 2 2 0 1 3 1 0 2 3 3 2 3 1 
2 2 2 0 2 3 0 2 1 1 2 3 1 2 0 1 0 1 1 2 1 0 1 1 2 0 2 0 0 0 0 1 0 2 0 0 3 1 1 2 
3 3 1 2 0 0 0 0 1 2 1 2 1 3 0 3 3 3 0 1 0 2 1 1 0 0 2 0 3 1 2 2 3 1 0 2 2 0 3 1 
0 2 3 3 3 2 1 0 3 2 1 0 1 0 1 2 1 1 3 1 2 0 1 0 3 2 1 3 1 2 1 0 1 3 3 2 0 2 0 0 
0 0 2 2 1 1 2 1 1 2 3 1 3 0 0 0 0 1 0 1 2 3 1 0 2 2 2 2 2 3 3 0 2 1 0 2 0 3 0 0 
0 3 2 3 0 0 3 1 1 3 1 1 0 3 0 1 1 0 1 2 1 0 0 0 1 3 0 0 3 2 3 3 1 3 0 1 3 0 1 1 
2 2 3 1 0 3 1 2 2 3 3 1 0 1 0 0 0 1 3 0 2 0 2 2 0 0 3 0 1 3 2 3 1 0 2 0 3 2 3 2 
0 2 2 3 3 1 2 2 1 1 1 3 0 0 3 1 0 0 3 2 3 2 3 3 3 0 1 2 1 0 2 1 3 1 0 3 1 1 0 0 
2 3 2 3 1 0 3 3 1 2 3 3 2 2 1 3 2 0 1 3 2 1 0 0 3 1 2 0 0 0 0 1 3 0 0 2 2 2 2 1 
0 2 2 2 3 3 2 
4 11 25 29 16 5 10 29 9 4 33 14 19 26 16 28 30 9 32 16 
0 3 2 0 1 3 2 0 1 2 0 2 3 1 1 3 3 1 0 0 3 0 0 3 3 1 1 2 2 3 1 2 2 0 0 0 2 3 2 3 
0 3 3 1 3 0 3 0 1 3 3 0 1 0 1 0 3 2 1 2 1 0 1 1 2 2 3 0 2 1 0 2 0 2 1 0 2 2 2 2 
0 0 1 1 3 1 0 3 1 2 2 1 2 0 2 2 3 0 2 0 3 1 3 2 3 1 1 3 2 3 3 0 0 0 3 0 1 2 2 1 
0 0 2 2 0 1 3 2 0 1 0 1 3 2 2 2 2 1 2 1 3 3 2 3 3 0 0 3 3 3 0 2 1 1 2 1 2 1 2 2 
3 3 0 3 0 2 0 2 3 0 1 3 1 2 1 0 0 3 0 0 3 2 1 0 2 1 2 3 2 1 2 0 2 3 0 2 3 2 1 2 
1 0 2 3 2 2 2 1 2 3 0 3 0 1 0 2 2 2 0 2 3 0 0 0 3 3 1 1 2 0 2 1 0 1 3 2 3 3 3 2 
3 2 2 2 2 0 2 0 2 0 0 1 0 3 0 3 2 3 2 2 0 1 2 2 3 2 3 1 1 1 3 3 0 2 3 1 3 1 2 0 
1 3 3 2 3 0 0 3 1 1 3 1 1 0 0 3 0 3 3 2 3 3 1 0 3 2 0 3 3 3 3 2 2 2 0 1 0 0 2 2 
0 0 0 0 2 3 0 3 1 2 0 2 1 3 1 2 1 0 2 0 2 3 3 3 2 2 2 1 2 1 0 3 0 3 3 0 0 0 0 2 
3 0 2 3 3 3 0 3 3 3 2 0 3 0 2 3 3 3 2 1 1 1 2 3 2 0 0 1 1 3 0 2 1 3 1 1 0 3 1 3 
0 3 0 2 3 2 3 0 3 2 0 1 0 1 0 3 3 3 1 0 0 2 1 2 0 3 2 3 1 1 1 1 2 3 1 3 2 3 2 3 
3 0 0 3 3 2 2 1 2 3 1 0 2 0 1 2 3 0 2 1 2 0 3 3 2 0 2 0 0 1 3 1 3 3 0 1 3 0 2 3 
3 2 0 2 0 2 3 2 2 2 0 3 3 3 0 2 1 3 1 2 0 2 1 2 0 0 3 3 2 1 0 0 0 0 2 1 1 2 0 0 
0 1 1 3 0 0 0 0 2 0 2 2 2 2 1 0 2 2 1 2 2 2 2 3 0 3 0 2 2 0 3 1 2 0 2 0 3 3 0 3 
1 2 1 1 2 3 0 0 1 3 2 3 2 2 3 3 3 0 1 1 0 2 1 1 1 2 3 3 1 2 2 1 3 2 2 3 3 3 0 0 
3 2 1 1 2 2 2 2 2 2 0 0 1 0 2 1 1 3 2 0 3 1 3 2 3 0 3 0 3 0 2 3 2 3 0 3 2 0 3 0 
1 2 2 2 3 2 0 2 2 1 1 1 0 1 3 3 0 2 3 1 1 0 3 2 0 2 2 0 3 2 3 3 3 3 0 0 2 3 0 3 
3 3 3 2 1 1 1 2 3 2 0 3 1 3 0 0 1 3 2 2 3 1 2 2 3 3 0 1 0 3 0 2 2 0 1 1 1 1 1 0 
0 2 2 3 3 2 3 2 3 2 0 3 1 1 2 1 2 1 0 3 1 0 0 3 1 3 1 3 3 2 0 3 3 0 1 3 3 3 0 0 
2 1 1 3 3 3 2 0 3 0 1 0 0 2 3 2 1 3 2 2 3 1 0 1 3 0 0 3 2 0 3 0 0 3 2 2 1 2 3 1 
1 0 1 1 2 1 1 
29 25 4 1 2 32 1 14 17 2 3 15 7 21 7 17 27 20 16 29 
0 3 0 2 1 3 2 0 0 0 3 0 3 3 3 1 0 1 3 2 0 1 2 2 2 1 1 1 2 2 2 2 1 3 0 1 3 3 0 2 
0 2 0 3 2 1 1 2 3 2 3 3 1 2 1 2 1 1 1 3 2 0 0 3 0 2 2 1 3 2 3 1 0 1 2 1 3 3 0 2 
0 1 2 1 1 0 2 1 1 2 0 1 2 3 2 0 2 1 3 1 1 2 3 3 0 3 1 3 3 2 1 3 3 3 0 1 1 0 0 2 
2 1 1 2 3 3 0 0 1 0 3 1 1 2 2 1 3 2 0 3 1 0 3 2 3 2 1 3 2 1 2 0 2 0 1 2 0 0 1 0 
3 0 2 3 3 1 3 2 2 3 1 0 3 1 2 2 0 0 3 3 0 1 2 0 0 3 2 0 3 0 1 3 1 2 2 0 0 1 0 3 
0 0 1 0 3 0 2 1 0 1 3 0 3 3 3 2 2 1 2 2 3 1 2 3 1 3 3 1 2 3 1 0 2 2 3 2 1 1 3 3 
0 3 3 3 2 2 1 1 3 1 3 0 0 2 1 2 1 3 1 0 0 1 2 2 0 3 3 0 0 0 2 3 0 0 1 3 1 1 3 3 
1 0 2 0 0 0 1 0 1 2 2 3 0 0 0 3 3 2 1 3 3 2 3 2 2 2 3 1 2 2 1 2 1 1 0 3 3 3 1 3 
3 3 2 2 2 3 3 2 3 2 1 2 0 0 0 2 0 2 3 2 1 3 1 3 3 0 3 3 1 2 1 1 2 2 3 1 1 1 0 0 
1 0 3 2 0 3 3 0 0 3 2 0 1 3 0 1 3 3 3 2 1 0 2 2 2 0 1 1 3 1 0 2 3 0 0 2 0 2 1 0 
0 3 3 1 2 0 3 1 3 0 1 1 1 1 2 3 1 3 1 0 1 3 2 0 1 1 3 0 0 3 1 0 1 0 2 3 3 3 2 1 
1 1 2 3 0 0 2 3 0 3 3 0 3 2 1 3 0 3 2 1 2 3 0 2 2 1 1 2 0 0 0 0 3 2 1 1 3 0 1 3 
2 3 0 0 2 1 3 1 3 1 2 3 1 2 2 1 2 2 3 2 1 0 0 0 0 0 1 3 3 0 3 0 3 0 2 1 1 3 1 0 
2 0 1 2 3 2 2 2 3 1 3 1 3 2 1 0 1 3 3 1 1 2 1 3 2 2 2 1 3 2 3 1 1 3 2 3 0 2 2 3 
3 1 1 1 1 1 0 2 3 3 0 3 0 2 2 0 3 2 2 0 3 3 2 1 0 1 0 0 2 2 1 1 0 1 0 1 2 3 0 0 
1 3 0 0 3 3 1 2 1 0 1 2 2 3 3 3 3 2 1 2 3 2 2 0 1 0 1 0 3 1 2 1 2 0 1 0 1 0 1 3 
0 1 3 2 0 1 0 0 1 3 1 2 2 1 0 1 0 3 2 0 2 0 3 1 2 2 3 0 1 0 1 0 1 2 0 3 2 0 1 1 
3 2 1 2 3 0 1 1 2 1 3 3 1 1 0 1 0 0 2 0 2 2 3 0 1 3 2 0 1 1 2 3 0 3 3 2 0 0 2 1 
3 0 2 3 0 1 0 3 3 1 2 2 3 3 3 1 3 2 0 0 2 2 3 1 3 3 3 0 2 2 1 2 3 0 1 1 3 0 0 1 
1 0 2 1 2 0 1 1 1 2 2 1 3 2 0 3 2 1 2 3 2 2 0 3 0 3 3 2 0 2 3 3 2 0 0 3 0 1 3 3 
3 2 0 1 1 3 0 
19 4 21 28 24 11 19 33 15 14 19 13 26 31 7 12 33 16 18 6 
0 1 2 3 1 3 2 1 3 2 1 1 1 3 2 2 1 0 1 1 0 2 1 0 2 1 3 0 2 1 1 2 1 1 2 3 1 1 0 0 
0 2 2 2 3 0 1 2 3 2 0 1 3 3 0 3 0 3 3 1 0 0 2 2 1 1 0 0 1 0 1 0 2 2 0 1 1 3 0 3 
2 0 0 2 2 2 1 2 2 3 3 0 2 0 1 0 2 0 2 1 2 0 0 0 1 3 1 0 0 1 2 2 3 3 1 1 2 3 1 2 
3 1 1 2 1 0 3 3 0 0 1 0 3 2 3 1 1 3 3 2 0 2 3 1 2 1 3 0 1 0 1 2 3 2 2 1 0 3 1 1 
2 2 1 0 1 3 1 2 2 0 1 2 2 3 2 1 0 0 3 3 1 2 2 2 0 1 1 3 0 3 2 3 2 3 2 1 3 0 2 1 
2 1 1 3 0 0 2 0 0 3 2 1 0 1 2 1 1 3 0 3 1 2 0 2 2 2 2 1 3 0 3 3 0 2 1 2 0 1 3 2 
2 3 1 1 0 0 3 3 3 2 2 0 0 2 0 3 2 3 3 3 3 1 0 0 3 2 2 2 1 2 1 2 2 0 0 0 3 3 3 0 
0 1 3 0 2 3 1 2 0 0 3 2 1 1 0 0 3 3 2 1 1 3 2 1 1 0 0 1 1 3 1 0 2 1 3 0 0 1 1 1 
2 0 3 1 0 0 2 0 1 2 3 3 2 2 0 1 1 0 1 0 2 0 1 1 0 0 2 3 2 2 2 3 3 2 0 1 1 1 3 3 
0 1 1 3 0 1 2 1 3 2 0 1 0 2 2 1 3 2 0 1 1 2 3 2 0 0 3 0 0 1 2 3 2 1 2 3 3 3 1 3 
2 0 1 0 1 1 1 0 3 1 1 3 1 3 3 1 2 1 0 0 1 2 2 3 1 1 0 2 1 3 0 0 2 2 3 1 1 2 2 0 
2 3 0 1 2 1 0 1 0 3 3 3 2 1 2 0 3 0 2 0 0 1 2 1 0 3 1 3 2 0 1 3 2 1 0 2 1 3 1 1 
1 2 3 0 0 0 1 1 2 1 3 2 1 2 2 1 0 1 0 1 1 3 2 3 2 2 3 1 3 0 1 2 3 0 2 3 1 1 3 3 
1 0 2 0 3 2 1 1 1 1 2 2 0 3 3 3 3 0 1 1 1 0 3 1 1 2 0 1 2 2 2 3 2 3 0 3 2 1 2 0 
0 1 3 2 1 1 1 3 2 2 0 2 0 0 0 1 0 3 2 1 0 3 3 3 0 0 2 0 0 3 2 3 0 2 3 1 1 1 0 3 
0 1 2 3 1 0 3 1 2 2 1 0 2 0 1 2 3 1 0 1 3 0 2 0 0 2 2 3 3 2 2 1 2 3 2 0 1 1 3 0 
3 3 2 0 0 1 2 0 3 2 2 3 1 2 2 0 0 3 0 2 1 2 1 1 1 1 2 0 1 2 0 0 2 3 2 2 2 0 3 0 
1 2 0 2 1 1 3 3 3 1 3 1 3 0 2 1 2 2 0 2 2 1 3 3 2 0 1 3 3 3 2 1 0 1 2 3 1 2 3 3 
0 2 1 1 1 3 1 0 2 0 3 1 1 2 3 0 3 2 0 1 2 1 2 0 3 1 0 1 2 1 0 3 3 0 1 0 1 0 0 1 
0 1 1 1 2 0 2 0 3 0 1 0 3 2 0 1 0 3 0 3 3 2 2 3 2 0 1 1 3 1 2 3 2 0 1 3 2 0 3 3 
3 2 1 0 3 2 0 
25 16 23 4 12 7 23 24 17 28 5 22 16 2 5 22 19 20 18 9 
3 1 2 0 1 2 2 2 0 2 3 2 3 2 0 3 0 3 0 0 2 0 0 2 2 0 3 0 2 0 3 0 0 2 0 0 0 0 1 1 
0 1 2 3 0 1 0 3 3 3 3 1 2 0 2 3 2 1 2 3 0 3 2 1 1 1 3 0 1 3 2 2 1 3 3 3 2 0 3 0 
0 2 1 0 0 1 3 0 1 3 1 3 1 0 0 1 0 2 3 2 0 1 1 2 1 3 0 3 0 0 3 3 0 0 0 1 3 2 3 2 
0 3 0 2 2 2 1 0 0 1 2 0 1 0 2 0 3 3 0 1 1 3 1 3 1 3 3 1 0 2 1 0 3 0 2 2 2 0 2 3 
0 3 3 1 3 2 0 3 1 0 2 1 0 0 2 3 0 1 0 1 1 1 1 2 0 0 3 0 1 2 2 3 1 1 0 2 3 0 2 2 
3 2 3 3 3 3 2 3 0 3 3 2 3 2 1 3 2 2 1 0 0 3 1 3 2 1 2 0 2 2 2 3 0 2 1 0 2 0 0 0 
0 2 3 0 2 0 2 3 0 2 1 1 3 0 1 0 3 2 1 3 2 0 3 1 2 2 2 0 2 2 3 2 0 3 1 1 3 2 0 3 
1 2 2 0 2 0 1 2 1 0 1 2 3 1 0 2 2 3 1 1 2 0 1 0 3 1 1 3 2 2 0 2 2 0 3 3 1 1 3 2 
3 3 3 3 1 0 2 0 1 1 2 2 1 1 1 2 0 1 2 0 1 2 2 0 2 3 3 3 1 0 1 3 0 0 1 1 1 0 0 0 
1 0 3 1 0 1 2 2 2 2 3 1 1 1 1 2 3 1 2 2 3 0 3 0 2 1 0 0 0 0 1 2 3 0 0 2 1 0 2 2 
0 0 2 3 1 2 0 0 3 3 0 3 2 1 1 0 2 1 3 2 3 2 3 2 3 0 1 0 3 2 3 1 2 3 3 2 2 2 0 1 
1 0 0 1 3 1 2 2 0 3 0 3 0 0 3 0 0 1 3 1 2 0 0 2 1 0 2 1 0 0 1 0 3 3 1 0 0 3 3 1 
1 0 2 1 1 2 1 2 0 1 0 2 0 0 2 2 0 0 0 2 0 2 1 0 0 3 3 0 0 3 2 2 3 3 2 0 1 0 1 3 
3 1 0 3 2 3 0 3 0 0 3 2 2 0 2 0 2 2 2 2 2 1 3 3 3 1 1 2 2 2 0 0 1 3 3 1 0 0 2 1 
2 1 2 2 0 3 1 2 0 3 0 3 1 3 0 0 3 1 3 0 2 0 3 2 0 1 3 2 1 3 0 3 1 1 2 3 3 0 0 0 
0 3 0 1 3 2 2 3 0 2 2 2 1 0 0 2 3 2 2 0 3 1 3 2 1 3 3 2 0 3 3 2 2 0 1 2 2 2 2 3 
0 3 0 3 3 1 2 3 2 1 1 3 0 0 1 3 1 2 2 2 0 0 1 0 1 2 1 1 1 2 2 2 1 3 1 2 0 0 3 3 
0 1 0 0 3 1 0 0 2 1 1 0 0 3 3 3 2 3 1 1 3 3 0 1 2 0 1 1 0 3 2 3 3 0 2 1 3 1 0 3 
0 0 2 3 0 2 2 0 2 3 3 3 2 1 3 3 1 3 1 1 1 3 3 2 2 0 2 1 3 2 1 0 3 1 1 3 1 1 2 2 
1 1 3 0 1 2 0 1 3 3 2 0 2 1 2 1 1 2 2 0 0 1 0 2 2 3 2 1 3 3 1 0 3 3 0 1 3 3 2 3 
1 1 3 1 0 2 1 
26 3 31 28 4 9 16 14 26 31 19 20 11 10 21 7 0 14 11 8 
