4.196104600000000184e-01
6.148942999999997827e-01
8.537792999999999077e-01
1.047876119999999744e+00
1.378339279999999833e+00
1.616736720000000016e+00
1.816420140000000405e+00
2.090387560000000811e+00
2.417735520000000804e+00
2.808792199999997852e+00
3.188571759999999422e+00
3.577323899999998780e+00
3.951597200000003252e+00
4.457624319999996310e+00
4.931773200000009183e+00
5.399413480000004206e+00
5.933119640000006356e+00
6.489438319999999649e+00
6.971086800000000139e+00
7.637881779999998066e+00
8.129620319999991906e+00
