1.641584000000193694e-02
2.976850000000013166e-02
4.611638000000084503e-02
8.139245999999503156e-02
1.202300399999899072e-01
1.562660399999913352e-01
2.192447399999878088e-01
3.030474799999979263e-01
3.990124600000058419e-01
4.908532400000013007e-01
6.040645199999857828e-01
7.559358999999858941e-01
8.739176000000157263e-01
1.095650780000005486e+00
1.332791960000008658e+00
1.481723120000015159e+00
1.730888779999986582e+00
2.030029739999997584e+00
2.269153259999995953e+00
2.604938459999993849e+00
2.937531140000010144e+00
